6
0 CYS 0
1 ASP 1
2 ASP 2
3 HIS 3
4 HIS 4
5 HIS 5
4
0 1 6.29712
0 3 7.75794
0 4 11.4461
0 5 6.60783
4
1 0 6.29712
1 3 5.52906
1 4 10.8956
1 5 9.76805
2
2 3 10.4355
2 4 7.14331
5
3 0 7.75794
3 1 5.52906
3 2 10.4355
3 4 9.80354
3 5 9.12059
5
4 0 11.4461
4 1 10.8956
4 2 7.14331
4 3 9.80354
4 5 6.55818
4
5 0 6.60783
5 1 9.76805
5 3 9.12059
5 4 6.55818
