6
0 CYS 0
1 ASP 1
2 ASP 2
3 HIS 3
4 HIS 4
5 HIS 5
5
0 1 10.2777
0 2 10.9761
0 3 8.81002
0 4 10.3306
0 5 6.17172
3
1 0 10.2777
1 3 9.0453
1 4 5.81706
4
2 0 10.9761
2 3 5.73074
2 4 9.90622
2 5 8.49363
5
3 0 8.81002
3 1 9.0453
3 2 5.73074
3 4 5.92704
3 5 9.43368
5
4 0 10.3306
4 1 5.81706
4 2 9.90622
4 3 5.92704
4 5 10.5922
4
5 0 6.17172
5 2 8.49363
5 3 9.43368
5 4 10.5922
