266
0 SER 27
1 ASP 28
2 ALA 29
3 GLU 30
4 ARG 31
5 ARG 32
6 LEU 33
7 ALA 34
8 GLY 35
9 LEU 36
10 GLU 37
11 ARG 38
12 ALA 39
13 SER 40
14 GLY 41
15 ALA 42
16 ARG 43
17 LEU 44
18 GLY 45
19 VAL 46
20 TYR 47
21 ALA 48
22 TYR 49
23 ASP 50
24 THR 51
25 GLY 52
26 SER 53
27 GLY 54
28 ARG 55
29 THR 56
30 VAL 57
31 ALA 58
32 TYR 59
33 ARG 61
34 ALA 62
35 ASP 63
36 GLU 64
37 LEU 65
38 PHE 66
39 PRO 67
40 MET 68
41 CYS 69
42 SER 70
43 VAL 71
44 PHE 72
45 LYS 73
46 THR 74
47 LEU 75
48 SER 76
49 SER 77
50 ALA 78
51 ALA 79
52 VAL 80
53 LEU 81
54 ARG 82
55 ASP 83
56 LEU 84
57 ASP 85
58 ARG 86
59 ASN 87
60 GLY 88
61 GLU 89
62 PHE 90
63 LEU 91
64 SER 92
65 ARG 93
66 ARG 94
67 ILE 95
68 LEU 96
69 TYR 97
70 THR 98
71 GLN 99
72 ASP 100
73 ASP 101
74 VAL 102
75 GLU 102
76 GLN 102
77 ALA 103
78 ASP 104
79 GLY 105
80 ALA 106
81 PRO 107
82 GLU 108
83 THR 109
84 GLY 110
85 LYS 111
86 PRO 111
87 GLN 111
88 ASN 112
89 LEU 113
90 ALA 114
91 ASN 115
92 GLY 116
93 MET 117
94 THR 118
95 VAL 119
96 GLU 120
97 GLU 121
98 LEU 122
99 CYS 123
100 GLU 124
101 VAL 125
102 SER 126
103 ILE 127
104 THR 128
105 ALA 129
106 SER 130
107 ASP 131
108 ASN 132
109 CYS 133
110 ALA 134
111 ALA 135
112 ASN 136
113 LEU 137
114 MET 138
115 LEU 139
116 ARG 140
117 GLU 141
118 LEU 142
119 GLY 143
120 GLY 144
121 PRO 145
122 ALA 146
123 ALA 147
124 VAL 148
125 THR 149
126 ARG 150
127 PHE 151
128 VAL 152
129 ARG 153
130 SER 154
131 LEU 155
132 GLY 156
133 ASP 157
134 ARG 158
135 VAL 159
136 THR 160
137 ARG 161
138 LEU 162
139 ASP 163
140 ARG 164
141 TRP 165
142 GLU 166
143 PRO 167
144 GLU 168
145 LEU 169
146 ASN 170
147 SER 171
148 ALA 172
149 GLU 173
150 PRO 174
151 GLY 175
152 ARG 176
153 VAL 177
154 THR 178
155 ASP 179
156 THR 180
157 THR 181
158 SER 182
159 PRO 183
160 ARG 184
161 ALA 185
162 ILE 186
163 THR 187
164 ARG 188
165 THR 189
166 TYR 190
167 GLY 191
168 ARG 192
169 LEU 193
170 VAL 194
171 LEU 195
172 GLY 196
173 ASP 197
174 ALA 198
175 LEU 199
176 ASN 200
177 PRO 201
178 ARG 202
179 ASP 203
180 ARG 204
181 ARG 205
182 LEU 206
183 LEU 207
184 THR 208
185 SER 209
186 TRP 210
187 LEU 211
188 LEU 212
189 ALA 213
190 ASN 214
191 THR 215
192 THR 216
193 SER 217
194 GLY 218
195 ASP 219
196 ARG 220
197 PHE 221
198 ARG 222
199 ALA 223
200 GLY 224
201 LEU 225
202 PRO 226
203 ASP 227
204 ASP 228
205 TRP 229
206 THR 230
207 LEU 231
208 GLY 232
209 ASP 233
210 LYS 234
211 THR 235
212 GLY 236
213 ALA 237
214 GLY 238
215 ARG 240
216 TYR 241
217 GLY 242
218 THR 243
219 ASN 244
220 ASN 245
221 ASP 246
222 ALA 247
223 GLY 248
224 VAL 249
225 THR 250
226 TRP 251
227 PRO 252
228 PRO 254
229 GLY 255
230 ARG 256
231 ALA 257
232 PRO 258
233 ILE 259
234 VAL 260
235 LEU 261
236 THR 262
237 VAL 263
238 LEU 264
239 THR 265
240 ALA 266
241 LYS 267
242 THR 268
243 GLU 269
244 GLN 270
245 ASP 271
246 ALA 272
247 ALA 273
248 ARG 274
249 ASP 275
250 ASP 276
251 GLY 277
252 LEU 278
253 VAL 279
254 ALA 280
255 ASP 281
256 ALA 282
257 ALA 283
258 ARG 284
259 VAL 285
260 LEU 286
261 ALA 287
262 GLU 288
263 THR 289
264 LEU 290
265 GLY 291
4
0 1 3.81051
0 2 5.48315
0 3 5.41607
0 4 6.13109
5
1 0 3.81051
1 2 3.80841
1 3 5.45177
1 4 4.77412
1 5 6.18557
10
2 0 5.48315
2 1 3.80841
2 3 3.79399
2 4 5.3821
2 5 5.36547
2 6 6.43461
2 30 6.94715
2 259 7.07219
2 260 7.72865
2 263 6.84659
10
3 0 5.41607
3 1 5.45177
3 2 3.79399
3 4 3.81747
3 5 5.4561
3 6 4.94705
3 7 6.15049
3 30 7.08193
3 31 6.98001
3 32 6.11542
8
4 0 6.13109
4 1 4.77412
4 2 5.3821
4 3 3.81747
4 5 3.81562
4 6 5.39948
4 7 5.31379
4 8 6.32489
9
5 1 6.18557
5 2 5.36547
5 3 5.4561
5 4 3.81562
5 6 3.83433
5 7 5.66098
5 8 5.04138
5 9 6.47711
5 259 7.34664
12
6 2 6.43461
6 3 4.94705
6 4 5.39948
6 5 3.83433
6 7 3.81476
6 8 5.10519
6 9 4.99549
6 10 6.20831
6 17 7.97847
6 32 7.47843
6 256 6.63776
6 259 7.55565
10
7 3 6.15049
7 4 5.31379
7 5 5.66098
7 6 3.81476
7 8 3.7974
7 9 5.45773
7 10 4.88886
7 11 6.10132
7 17 7.92854
7 32 7.92219
8
8 4 6.32489
8 5 5.04138
8 6 5.10519
8 7 3.7974
8 9 3.80369
8 10 5.29993
8 11 5.19052
8 12 6.36187
11
9 5 6.47711
9 6 4.99549
9 7 5.45773
9 8 3.80369
9 10 3.79112
9 11 5.60067
9 12 5.32675
9 13 6.24347
9 252 6.81505
9 255 7.62608
9 256 7.43329
12
10 6 6.20831
10 7 4.88886
10 8 5.29993
10 9 3.79112
10 11 3.79982
10 12 5.44048
10 13 5.33619
10 14 6.23255
10 15 5.89345
10 16 6.35152
10 17 5.87156
10 252 7.8097
8
11 7 6.10132
11 8 5.19052
11 9 5.60067
11 10 3.79982
11 12 3.8119
11 13 5.74735
11 14 5.69284
11 15 7.42002
6
12 8 6.36187
12 9 5.32675
12 10 5.44048
12 11 3.8119
12 13 3.82446
12 14 5.69309
8
13 9 6.24347
13 10 5.33619
13 11 5.74735
13 12 3.82446
13 14 3.77719
13 15 5.32451
13 249 7.67743
13 252 6.85177
7
14 10 6.23255
14 11 5.69284
14 12 5.69309
14 13 3.77719
14 15 3.82783
14 16 7.03615
14 241 7.54673
10
15 10 5.89345
15 11 7.42002
15 13 5.32451
15 14 3.82783
15 16 3.79993
15 17 6.19407
15 239 6.5102
15 240 5.78668
15 241 5.05998
15 242 7.98638
8
16 10 6.35152
16 14 7.03615
16 15 3.79993
16 17 3.80358
16 18 6.76445
16 239 5.50954
16 240 5.26312
16 241 6.23171
13
17 6 7.97847
17 7 7.92854
17 10 5.87156
17 15 6.19407
17 16 3.80358
17 18 3.78705
17 19 6.58503
17 32 7.46348
17 33 7.05599
17 237 7.2467
17 238 6.0874
17 239 4.75034
17 240 6.94038
16
18 16 6.76445
18 17 3.78705
18 19 3.79032
18 20 7.02392
18 31 7.99046
18 32 5.59761
18 33 4.9213
18 34 5.73786
18 36 7.30416
18 38 7.87124
18 158 7.75038
18 159 5.95406
18 236 7.96561
18 237 5.66366
18 238 4.94473
18 239 6.13605
15
19 17 6.58503
19 18 3.79032
19 20 3.78716
19 21 6.66397
19 30 7.29934
19 31 5.71905
19 32 5.05584
19 33 6.52468
19 34 5.71538
19 159 5.56982
19 160 7.78574
19 235 7.58796
19 236 5.6738
19 237 4.61195
19 238 6.43048
15
20 18 7.02392
20 19 3.78716
20 21 3.79147
20 22 6.92288
20 29 7.25552
20 30 5.61244
20 31 4.71959
20 32 6.54275
20 34 5.59879
20 159 5.22089
20 160 5.53408
20 163 6.72141
20 235 5.87516
20 236 5.42084
20 237 6.8347
13
21 19 6.66397
21 20 3.79147
21 22 3.79847
21 23 6.74397
21 29 5.51287
21 30 5.23298
21 31 6.80025
21 163 7.12854
21 233 7.01415
21 234 5.64363
21 235 4.04875
21 236 6.15484
21 260 7.75134
11
22 20 6.92288
22 21 3.79847
22 23 3.80417
22 24 6.10062
22 27 6.66413
22 28 5.96699
22 29 4.47242
22 30 6.72696
22 233 5.65015
22 234 5.37937
22 235 6.36427
14
23 21 6.74397
23 22 3.80417
23 24 3.83292
23 25 5.40939
23 26 5.76216
23 27 5.29031
23 28 5.35607
23 29 6.3236
23 231 7.35385
23 232 6.48658
23 233 4.3272
23 234 6.59078
23 264 6.46672
23 265 6.8156
10
24 22 6.10062
24 23 3.83292
24 25 3.8063
24 26 5.89513
24 27 5.165
24 28 7.51895
24 231 5.9439
24 232 5.94325
24 233 5.85805
24 234 7.79681
10
25 23 5.40939
25 24 3.8063
25 26 3.81661
25 27 5.68779
25 28 7.95842
25 230 6.98238
25 231 4.80406
25 232 6.94721
25 233 7.74266
25 265 7.7087
6
26 23 5.76216
26 24 5.89513
26 25 3.81661
26 27 3.79314
26 28 5.27735
26 265 7.84368
7
27 22 6.66413
27 23 5.29031
27 24 5.165
27 25 5.68779
27 26 3.79314
27 28 3.81415
27 29 6.50638
9
28 22 5.96699
28 23 5.35607
28 24 7.51895
28 25 7.95842
28 26 5.27735
28 27 3.81415
28 29 3.80175
28 30 6.98426
28 264 7.30564
8
29 20 7.25552
29 21 5.51287
29 22 4.47242
29 23 6.3236
29 27 6.50638
29 28 3.80175
29 30 3.81556
29 31 6.5313
10
30 2 6.94715
30 3 7.08193
30 19 7.29934
30 20 5.61244
30 21 5.23298
30 22 6.72696
30 28 6.98426
30 29 3.81556
30 31 3.78891
30 32 6.86054
11
31 3 6.98001
31 18 7.99046
31 19 5.71905
31 20 4.71959
31 21 6.80025
31 29 6.5313
31 30 3.78891
31 32 3.80379
31 33 6.55465
31 34 5.33748
31 160 7.92939
11
32 3 6.11542
32 6 7.47843
32 7 7.92219
32 17 7.46348
32 18 5.59761
32 19 5.05584
32 20 6.54275
32 30 6.86054
32 31 3.80379
32 33 3.82782
32 34 5.05584
9
33 17 7.05599
33 18 4.9213
33 19 6.52468
33 31 6.55465
33 32 3.82782
33 34 3.8296
33 35 5.54806
33 36 5.4339
33 159 7.62325
11
34 18 5.73786
34 19 5.71538
34 20 5.59879
34 31 5.33748
34 32 5.05584
34 33 3.8296
34 35 3.78219
34 36 5.7896
34 158 6.17697
34 159 4.84094
34 160 5.05102
8
35 33 5.54806
35 34 3.78219
35 36 3.79887
35 37 6.56614
35 158 5.35577
35 159 6.465
35 160 5.98549
35 161 7.73164
8
36 18 7.30416
36 33 5.4339
36 34 5.7896
36 35 3.79887
36 37 3.81473
36 38 6.6144
36 158 5.51358
36 159 7.44291
9
37 35 6.56614
37 36 3.81473
37 38 3.78285
37 39 6.90248
37 153 7.81571
37 156 5.95772
37 157 5.36981
37 158 4.72953
37 159 7.81006
11
38 18 7.87124
38 36 6.6144
38 37 3.78285
38 39 3.81797
38 40 6.06141
38 156 5.46076
38 157 5.81219
38 158 6.07075
38 238 6.66742
38 239 7.33377
38 240 6.93315
11
39 37 6.90248
39 38 3.81797
39 40 3.8382
39 41 5.77062
39 146 7.2262
39 148 5.37916
39 155 6.06541
39 156 4.54012
39 157 6.65833
39 218 7.28976
39 240 7.63099
13
40 38 6.06141
40 39 3.8382
40 41 3.80057
40 42 6.44939
40 43 5.76373
40 44 6.56955
40 146 7.82654
40 155 5.98487
40 156 4.90965
40 157 5.73404
40 212 7.01399
40 220 7.5724
40 238 7.94229
14
41 39 5.77062
41 40 3.80057
41 42 3.86296
41 43 5.61109
41 44 6.53932
41 145 6.50833
41 146 5.19989
41 148 7.92481
41 155 7.30542
41 156 7.9344
41 212 5.08958
41 213 6.11069
41 214 6.22977
41 220 7.85851
10
42 40 6.44939
42 41 3.86296
42 43 3.80015
42 44 5.07433
42 45 5.56731
42 106 6.79724
42 210 7.4967
42 211 6.29812
42 212 4.25912
42 213 6.8233
13
43 40 5.76373
43 41 5.61109
43 42 3.80015
43 44 3.85809
43 45 5.54832
43 46 6.38799
43 47 7.87106
43 210 5.67497
43 211 5.69548
43 212 5.21558
43 220 7.26075
43 221 7.23381
43 222 6.94381
9
44 40 6.56955
44 41 6.53932
44 42 5.07433
44 43 3.85809
44 45 3.82399
44 46 5.431
44 47 5.17962
44 48 6.46888
44 138 7.58427
12
45 42 5.56731
45 43 5.54832
45 44 3.82399
45 46 3.7935
45 47 5.2499
45 48 5.1327
45 49 6.12622
45 102 5.87994
45 103 6.01526
45 106 7.3554
45 111 6.45559
45 210 7.87774
11
46 43 6.38799
46 44 5.431
46 45 3.7935
46 47 3.81375
46 48 5.72148
46 49 5.34741
46 50 6.12003
46 102 7.64802
46 103 6.1521
46 183 7.90009
46 210 7.0133
10
47 43 7.87106
47 44 5.17962
47 45 5.2499
47 46 3.81375
47 48 3.81535
47 49 5.41318
47 50 4.98498
47 51 6.10235
47 124 6.72518
47 128 7.71122
14
48 44 6.46888
48 45 5.1327
48 46 5.72148
48 47 3.81535
48 49 3.81038
48 50 5.45154
48 51 5.09359
48 52 6.49607
48 99 7.97469
48 111 7.29835
48 114 6.87956
48 115 6.71879
48 118 7.97414
48 124 5.95567
15
49 45 6.12622
49 46 5.34741
49 47 5.41318
49 48 3.81038
49 50 3.83205
49 51 5.42564
49 52 5.31586
49 53 6.55434
49 99 4.97885
49 100 7.57057
49 102 7.40759
49 103 7.98543
49 111 7.96575
49 114 7.25613
49 183 7.74531
12
50 46 6.12003
50 47 4.98498
50 48 5.45154
50 49 3.83205
50 51 3.81976
50 52 5.49115
50 53 5.10231
50 54 6.26403
50 169 7.71367
50 175 7.89821
50 179 7.95536
50 183 6.74869
12
51 47 6.10235
51 48 5.09359
51 49 5.42564
51 50 3.81976
51 52 3.82058
51 53 5.32477
51 54 5.19521
51 55 5.6716
51 56 7.30074
51 118 7.67186
51 124 7.04003
51 127 6.47426
12
52 48 6.49607
52 49 5.31586
52 50 5.49115
52 51 3.82058
52 53 3.80392
52 54 5.68769
52 55 5.51141
52 56 4.87576
52 57 6.2816
52 99 7.89075
52 114 7.41395
52 118 6.85233
12
53 49 6.55434
53 50 5.10231
53 51 5.32477
53 52 3.80392
53 54 3.80462
53 55 5.88351
53 56 6.00115
53 57 5.22114
53 58 7.86021
53 63 7.90097
53 175 7.95101
53 179 6.20015
11
54 50 6.26403
54 51 5.19521
54 52 5.68769
54 53 3.80462
54 55 3.78241
54 56 6.18881
54 57 6.37801
54 58 7.79141
54 175 6.20626
54 176 7.85187
54 179 7.31542
7
55 51 5.6716
55 52 5.51141
55 53 5.88351
55 54 3.78241
55 56 3.80819
55 57 6.0266
55 58 7.7481
9
56 51 7.30074
56 52 4.87576
56 53 6.00115
56 54 6.18881
56 55 3.80819
56 57 3.79109
56 58 6.61029
56 62 6.51312
56 118 7.66838
11
57 52 6.2816
57 53 5.22114
57 54 6.37801
57 55 6.0266
57 56 3.79109
57 58 3.78257
57 59 6.14959
57 60 5.97061
57 61 6.14293
57 62 4.78292
57 63 6.24008
9
58 53 7.86021
58 54 7.79141
58 55 7.7481
58 56 6.61029
58 57 3.78257
58 59 3.80737
58 60 6.0057
58 61 6.26277
58 62 7.05879
5
59 57 6.14959
59 58 3.80737
59 60 3.79612
59 61 5.35871
59 62 7.73296
7
60 57 5.97061
60 58 6.0057
60 59 3.79612
60 61 3.83068
60 62 5.67421
60 63 5.10032
60 64 6.214
8
61 57 6.14293
61 58 6.26277
61 59 5.35871
61 60 3.83068
61 62 3.80597
61 63 5.61151
61 64 5.57408
61 65 7.10828
10
62 56 6.51312
62 57 4.78292
62 58 7.05879
62 59 7.73296
62 60 5.67421
62 61 3.80597
62 63 3.8005
62 64 5.29983
62 65 5.39276
62 95 6.94401
10
63 53 7.90097
63 57 6.24008
63 60 5.10032
63 61 5.61151
63 62 3.8005
63 64 3.81181
63 65 5.63811
63 94 6.66462
63 95 4.76678
63 96 4.77689
9
64 60 6.214
64 61 5.57408
64 62 5.29983
64 63 3.81181
64 65 3.82322
64 66 6.33137
64 94 5.79941
64 95 6.20379
64 96 6.62204
8
65 61 7.10828
65 62 5.39276
65 63 5.63811
65 64 3.82322
65 66 3.78906
65 67 6.4309
65 94 5.41642
65 95 5.77862
8
66 64 6.33137
66 65 3.78906
66 67 3.79142
66 68 6.61128
66 92 6.50353
66 93 5.51712
66 94 4.02772
66 95 6.24901
8
67 65 6.4309
67 66 3.79142
67 68 3.76676
67 69 6.35097
67 92 5.50259
67 93 5.59443
67 94 5.77985
67 95 6.82317
8
68 66 6.61128
68 67 3.76676
68 69 3.78368
68 70 7.02699
68 89 7.4089
68 91 6.8498
68 92 4.30313
68 93 6.75331
8
69 67 6.35097
69 68 3.78368
69 70 3.80391
69 71 7.16361
69 73 6.38752
69 74 7.93866
69 89 6.6624
69 92 6.36983
7
70 68 7.02699
70 69 3.80391
70 71 3.80431
70 72 5.04603
70 73 5.17154
70 74 6.56186
70 89 6.80776
8
71 69 7.16361
71 70 3.80431
71 72 3.8084
71 73 5.44028
71 74 5.01889
71 75 6.10044
71 84 7.92532
71 89 7.27121
6
72 70 5.04603
72 71 3.8084
72 73 3.81523
72 74 5.4178
72 75 5.19303
72 76 6.05133
9
73 69 6.38752
73 70 5.17154
73 71 5.44028
73 72 3.81523
73 74 3.78974
73 75 5.57523
73 76 5.44234
73 77 6.27943
73 109 6.48151
14
74 69 7.93866
74 70 6.56186
74 71 5.01889
74 72 5.4178
74 73 3.78974
74 75 3.82637
74 76 5.76479
74 77 5.55291
74 78 6.93825
74 79 7.24162
74 80 5.99084
74 83 7.04638
74 84 6.03463
74 109 5.60384
9
75 71 6.10044
75 72 5.19303
75 73 5.57523
75 74 3.82637
75 76 3.79971
75 77 5.47185
75 78 5.5347
75 79 7.58725
75 80 7.99311
8
76 72 6.05133
76 73 5.44234
76 74 5.76479
76 75 3.79971
76 77 3.83576
76 78 5.49361
76 109 7.97139
76 143 7.79609
12
77 73 6.27943
77 74 5.55291
77 75 5.47185
77 76 3.83576
77 78 3.82097
77 79 5.51508
77 80 7.06909
77 108 5.44199
77 109 4.9997
77 112 7.19781
77 142 5.45551
77 143 5.67575
10
78 74 6.93825
78 75 5.5347
78 76 5.49361
78 77 3.82097
78 79 3.77342
78 80 6.72126
78 108 6.8024
78 109 7.5602
78 142 7.59142
78 143 6.30229
9
79 74 7.24162
79 75 7.58725
79 77 5.51508
79 78 3.77342
79 80 3.78765
79 81 6.21716
79 107 6.14393
79 108 5.00306
79 109 6.41246
14
80 74 5.99084
80 75 7.99311
80 77 7.06909
80 78 6.72126
80 79 3.78765
80 81 3.82465
80 82 5.57472
80 83 5.11003
80 84 4.84783
80 85 7.9236
80 107 5.16934
80 108 5.76787
80 109 5.41693
80 110 7.44793
8
81 79 6.21716
81 80 3.82465
81 82 3.82881
81 83 6.03972
81 84 5.82646
81 85 7.05652
81 105 6.74539
81 107 5.93047
9
82 80 5.57472
82 81 3.82881
82 83 3.80421
82 84 5.4062
82 85 5.53458
82 88 7.45441
82 101 6.92521
82 105 7.20313
82 107 6.61801
12
83 74 7.04638
83 80 5.11003
83 81 6.03972
83 82 3.80421
83 84 3.79917
83 85 5.52508
83 88 5.75121
83 89 6.25138
83 93 7.87176
83 107 7.1647
83 109 6.60459
83 110 6.53547
10
84 71 7.92532
84 74 6.03463
84 80 4.84783
84 81 5.82646
84 82 5.4062
84 83 3.79917
84 85 3.81916
84 86 6.16452
84 88 6.7951
84 89 6.03799
9
85 80 7.9236
85 81 7.05652
85 82 5.53458
85 83 5.52508
85 84 3.81916
85 86 3.84324
85 87 5.59273
85 88 5.39448
85 89 6.19927
6
86 84 6.16452
86 85 3.84324
86 87 3.79973
86 88 5.46684
86 89 5.10532
86 90 5.86879
7
87 85 5.59273
87 86 3.79973
87 88 3.83214
87 89 5.58264
87 90 4.94663
87 91 6.10768
87 92 7.9222
11
88 82 7.45441
88 83 5.75121
88 84 6.7951
88 85 5.39448
88 86 5.46684
88 87 3.83214
88 89 3.78184
88 90 5.1999
88 91 5.22858
88 92 5.03188
88 93 6.21161
13
89 68 7.4089
89 69 6.6624
89 70 6.80776
89 71 7.27121
89 83 6.25138
89 84 6.03799
89 85 6.19927
89 86 5.10532
89 87 5.58264
89 88 3.78184
89 90 3.82123
89 91 5.81533
89 92 5.44182
6
90 86 5.86879
90 87 4.94663
90 88 5.1999
90 89 3.82123
90 91 3.81134
90 92 5.9313
7
91 68 6.8498
91 87 6.10768
91 88 5.22858
91 89 5.81533
91 90 3.81134
91 92 3.77043
91 93 6.74843
11
92 66 6.50353
92 67 5.50259
92 68 4.30313
92 69 6.36983
92 87 7.9222
92 88 5.03188
92 89 5.44182
92 90 5.9313
92 91 3.77043
92 93 3.81612
92 94 6.98705
11
93 66 5.51712
93 67 5.59443
93 68 6.75331
93 83 7.87176
93 88 6.21161
93 91 6.74843
93 92 3.81612
93 94 3.79701
93 95 6.63783
93 97 6.05225
93 98 6.47714
11
94 63 6.66462
94 64 5.79941
94 65 5.41642
94 66 4.02772
94 67 5.77985
94 92 6.98705
94 93 3.79701
94 95 3.79784
94 96 5.31325
94 97 5.23473
94 98 6.29904
13
95 62 6.94401
95 63 4.76678
95 64 6.20379
95 65 5.77862
95 66 6.24901
95 67 6.82317
95 93 6.63783
95 94 3.79784
95 96 3.83656
95 97 5.51713
95 98 5.07264
95 99 6.09585
95 114 7.72838
8
96 63 4.77689
96 64 6.62204
96 94 5.31325
96 95 3.83656
96 97 3.82239
96 98 5.47853
96 99 5.18535
96 100 6.15322
8
97 93 6.05225
97 94 5.23473
97 95 5.51713
97 96 3.82239
97 98 3.81635
97 99 5.4982
97 100 4.9801
97 101 6.1645
13
98 93 6.47714
98 94 6.29904
98 95 5.07264
98 96 5.47853
98 97 3.81635
98 99 3.83301
98 100 5.30613
98 101 5.35503
98 102 6.05308
98 110 5.06786
98 111 7.28161
98 113 7.81965
98 114 7.2933
14
99 48 7.97469
99 49 4.97885
99 52 7.89075
99 95 6.09585
99 96 5.18535
99 97 5.4982
99 98 3.83301
99 100 3.78809
99 101 5.83933
99 102 5.34614
99 103 7.01057
99 110 7.0836
99 111 7.33751
99 114 7.11847
10
100 49 7.57057
100 96 6.15322
100 97 4.9801
100 98 5.30613
100 99 3.78809
100 101 3.82352
100 102 5.42721
100 103 5.53939
100 104 6.25594
100 186 5.7297
12
101 82 6.92521
101 97 6.1645
101 98 5.35503
101 99 5.83933
101 100 3.82352
101 102 3.82945
101 103 5.07195
101 104 4.95502
101 105 5.15629
101 106 6.22211
101 107 5.80056
101 110 6.82149
15
102 45 5.87994
102 46 7.64802
102 49 7.40759
102 98 6.05308
102 99 5.34614
102 100 5.42721
102 101 3.82945
102 103 3.82104
102 104 6.24095
102 105 6.19746
102 106 4.65919
102 107 4.67726
102 108 6.8616
102 110 5.49417
102 111 5.33288
15
103 45 6.01526
103 46 6.1521
103 49 7.98543
103 99 7.01057
103 100 5.53939
103 101 5.07195
103 102 3.82104
103 104 3.82841
103 105 5.70779
103 106 4.85093
103 107 7.1802
103 186 6.55928
103 187 6.63156
103 190 6.59718
103 210 6.35526
14
104 100 6.25594
104 101 4.95502
104 102 6.24095
104 103 3.82841
104 105 3.80772
104 106 5.69935
104 107 7.9315
104 186 6.34068
104 187 6.71933
104 189 5.8799
104 190 3.94906
104 191 5.52471
104 192 7.0125
104 210 7.65641
11
105 81 6.74539
105 82 7.20313
105 101 5.15629
105 102 6.19746
105 103 5.70779
105 104 3.80772
105 106 3.81539
105 107 5.31032
105 190 6.75628
105 191 6.14774
105 192 6.46864
12
106 42 6.79724
106 45 7.3554
106 101 6.22211
106 102 4.65919
106 103 4.85093
106 104 5.69935
106 105 3.81539
106 107 3.819
106 108 6.27705
106 192 7.64697
106 210 7.92402
106 211 7.74973
15
107 79 6.14393
107 80 5.16934
107 81 5.93047
107 82 6.61801
107 83 7.1647
107 101 5.80056
107 102 4.67726
107 103 7.1802
107 104 7.9315
107 105 5.31032
107 106 3.819
107 108 3.86775
107 109 5.57393
107 110 5.3842
107 111 6.42041
13
108 77 5.44199
108 78 6.8024
108 79 5.00306
108 80 5.76787
108 102 6.8616
108 106 6.27705
108 107 3.86775
108 109 3.79942
108 110 5.60406
108 111 5.28691
108 112 6.33061
108 142 6.04416
108 143 7.16428
15
109 73 6.48151
109 74 5.60384
109 76 7.97139
109 77 4.9997
109 78 7.5602
109 79 6.41246
109 80 5.41693
109 83 6.60459
109 107 5.57393
109 108 3.79942
109 110 3.82642
109 111 5.41054
109 112 5.13761
109 113 6.29449
109 142 7.57217
13
110 80 7.44793
110 83 6.53547
110 98 5.06786
110 99 7.0836
110 101 6.82149
110 102 5.49417
110 107 5.3842
110 108 5.60406
110 109 3.82642
110 111 3.83941
110 112 5.54467
110 113 5.15541
110 114 6.36288
15
111 45 6.45559
111 48 7.29835
111 49 7.96575
111 98 7.28161
111 99 7.33751
111 102 5.33288
111 107 6.42041
111 108 5.28691
111 109 5.41054
111 110 3.83941
111 112 3.82428
111 113 5.35831
111 114 5.04955
111 115 6.11343
111 142 7.75427
11
112 77 7.19781
112 108 6.33061
112 109 5.13761
112 110 5.54467
112 111 3.82428
112 113 3.82594
112 114 5.43806
112 115 5.0228
112 116 6.16983
112 141 6.48019
112 142 6.29332
9
113 98 7.81965
113 109 6.29449
113 110 5.15541
113 111 5.35831
113 112 3.82594
113 114 3.81842
113 115 5.50328
113 116 5.06827
113 117 6.56443
14
114 48 6.87956
114 49 7.25613
114 52 7.41395
114 95 7.72838
114 98 7.2933
114 99 7.11847
114 110 6.36288
114 111 5.04955
114 112 5.43806
114 113 3.81842
114 115 3.82478
114 116 5.23856
114 117 5.10686
114 118 6.20743
13
115 48 6.71879
115 111 6.11343
115 112 5.0228
115 113 5.50328
115 114 3.82478
115 116 3.80545
115 117 5.47495
115 118 4.92359
115 119 6.15665
115 120 4.84721
115 121 5.9822
115 123 7.70981
115 141 7.92049
8
116 112 6.16983
116 113 5.06827
116 114 5.23856
116 115 3.80545
116 117 3.84263
116 118 5.39052
116 119 5.27168
116 120 5.33556
7
117 113 6.56443
117 114 5.10686
117 115 5.47495
117 116 3.84263
117 118 3.80603
117 119 5.54637
117 120 7.49185
13
118 48 7.97414
118 51 7.67186
118 52 6.85233
118 56 7.66838
118 114 6.20743
118 115 4.92359
118 116 5.39052
118 117 3.80603
118 119 3.79187
118 120 5.73769
118 121 7.94322
118 123 5.98884
118 124 7.90241
8
119 115 6.15665
119 116 5.27168
119 117 5.54637
119 118 3.79187
119 120 3.78313
119 121 7.16733
119 122 7.50004
119 123 5.97714
10
120 115 4.84721
120 116 5.33556
120 117 7.49185
120 118 5.73769
120 119 3.78313
120 121 3.84681
120 122 5.52938
120 123 5.7182
120 124 7.67863
120 141 7.88282
12
121 115 5.9822
121 118 7.94322
121 119 7.16733
121 120 3.84681
121 122 3.83689
121 123 5.40965
121 124 5.53223
121 125 7.04333
121 138 5.40911
121 139 5.29539
121 140 5.82745
121 141 6.48907
10
122 119 7.50004
122 120 5.52938
122 121 3.83689
122 123 3.80648
122 124 5.20515
122 125 4.97464
122 126 6.16019
122 137 7.79852
122 138 6.18989
122 139 6.00482
10
123 115 7.70981
123 118 5.98884
123 119 5.97714
123 120 5.7182
123 121 5.40965
123 122 3.80648
123 124 3.81951
123 125 5.47152
123 126 5.00886
123 127 6.0582
14
124 47 6.72518
124 48 5.95567
124 51 7.04003
124 118 7.90241
124 120 7.67863
124 121 5.53223
124 122 5.20515
124 123 3.81951
124 125 3.798
124 126 5.36855
124 127 4.91948
124 128 6.36295
124 137 7.31833
124 138 6.2766
12
125 121 7.04333
125 122 4.97464
125 123 5.47152
125 124 3.798
125 126 3.79985
125 127 5.35718
125 128 5.41075
125 129 6.05066
125 136 6.86062
125 137 4.93617
125 138 5.6974
125 139 7.90569
8
126 122 6.16019
126 123 5.00886
126 124 5.36855
126 125 3.79985
126 127 3.82211
126 128 5.69533
126 129 5.0287
126 130 6.22612
9
127 51 6.47426
127 123 6.0582
127 124 4.91948
127 125 5.35718
127 126 3.82211
127 128 3.82474
127 129 5.3863
127 130 5.14626
127 131 6.78265
13
128 47 7.71122
128 124 6.36295
128 125 5.41075
128 126 5.69533
128 127 3.82474
128 129 3.80981
128 130 5.24083
128 131 4.96793
128 132 6.60843
128 133 5.33902
128 134 7.49314
128 136 7.0528
128 165 7.29609
9
129 125 6.05066
129 126 5.0287
129 127 5.3863
129 128 3.80981
129 130 3.82023
129 131 5.24281
129 132 5.14917
129 133 4.9537
129 134 5.63535
7
130 126 6.22612
130 127 5.14626
130 128 5.24083
130 129 3.82023
130 131 3.82995
130 132 5.57158
130 133 7.33242
8
131 127 6.78265
131 128 4.96793
131 129 5.24281
131 130 3.82995
131 132 3.80027
131 133 5.64258
131 165 7.23932
131 174 7.0539
6
132 128 6.60843
132 129 5.14917
132 130 5.57158
132 131 3.80027
132 133 3.81247
132 134 6.14732
10
133 128 5.33902
133 129 4.9537
133 130 7.33242
133 131 5.64258
133 132 3.81247
133 134 3.81922
133 135 5.68671
133 136 6.35493
133 161 6.3851
133 165 6.71376
6
134 128 7.49314
134 129 5.63535
134 132 6.14732
134 133 3.81922
134 135 3.80384
134 136 6.14891
8
135 133 5.68671
135 134 3.80384
135 136 3.81567
135 137 6.41955
135 156 7.73693
135 157 5.76965
135 158 6.9739
135 161 6.32967
13
136 125 6.86062
136 128 7.0528
136 133 6.35493
136 134 6.14891
136 135 3.81567
136 137 3.80398
136 138 7.09567
136 155 7.46404
136 156 5.88272
136 157 4.24851
136 158 7.07012
136 161 6.61411
136 162 7.00328
11
137 122 7.79852
137 124 7.31833
137 125 4.93617
137 135 6.41955
137 136 3.80398
137 138 3.79673
137 139 6.45733
137 154 6.63538
137 155 5.19214
137 156 5.7195
137 157 6.51282
13
138 44 7.58427
138 121 5.40911
138 122 6.18989
138 124 6.2766
138 125 5.6974
138 136 7.09567
138 137 3.79673
138 139 3.79344
138 140 6.15964
138 145 7.85828
138 154 6.64889
138 155 4.38112
138 156 7.0329
10
139 121 5.29539
139 122 6.00482
139 125 7.90569
139 137 6.45733
139 138 3.79344
139 140 3.78673
139 141 7.17315
139 145 7.31734
139 154 5.85256
139 155 5.51979
9
140 121 5.82745
140 138 6.15964
140 139 3.78673
140 141 3.80427
140 142 6.95131
140 144 6.42467
140 145 5.12535
140 154 7.97716
140 155 7.07818
10
141 112 6.48019
141 115 7.92049
141 120 7.88282
141 121 6.48907
141 139 7.17315
141 140 3.80427
141 142 3.81362
141 143 6.04396
141 144 5.98488
141 145 5.76572
12
142 77 5.45551
142 78 7.59142
142 108 6.04416
142 109 7.57217
142 111 7.75427
142 112 6.29332
142 140 6.95131
142 141 3.81362
142 143 2.94288
142 144 5.23728
142 145 5.7967
142 146 7.4814
10
143 76 7.79609
143 77 5.67575
143 78 6.30229
143 108 7.16428
143 141 6.04396
143 142 2.94288
143 144 3.82527
143 145 5.63281
143 146 6.09748
143 147 7.93631
7
144 140 6.42467
144 141 5.98488
144 142 5.23728
144 143 3.82527
144 145 3.81358
144 146 5.34466
144 147 5.60348
12
145 41 6.50833
145 138 7.85828
145 139 7.31734
145 140 5.12535
145 141 5.76572
145 142 5.7967
145 143 5.63281
145 144 3.81358
145 146 3.82825
145 147 5.57203
145 148 7.30376
145 155 6.23374
12
146 39 7.2262
146 40 7.82654
146 41 5.19989
146 142 7.4814
146 143 6.09748
146 144 5.34466
146 145 3.82825
146 147 3.81951
146 148 5.22898
146 213 7.58394
146 214 4.81532
146 215 6.12293
9
147 143 7.93631
147 144 5.60348
147 145 5.57203
147 146 3.81951
147 148 3.83135
147 149 5.89073
147 214 6.70031
147 215 5.5454
147 216 7.75662
12
148 39 5.37916
148 41 7.92481
148 145 7.30376
148 146 5.22898
148 147 3.83135
148 149 3.825
148 150 6.32408
148 152 6.93229
148 214 6.71347
148 215 5.64595
148 216 6.13501
148 218 7.37569
9
149 147 5.89073
149 148 3.825
149 150 3.82715
149 151 5.54268
149 152 5.27487
149 215 7.86476
149 216 6.96482
149 242 7.82065
149 244 7.59799
5
150 148 6.32408
150 149 3.82715
150 151 3.83218
150 152 5.60377
150 242 6.51131
4
151 149 5.54268
151 150 3.83218
151 152 3.82599
151 153 6.58508
6
152 148 6.93229
152 149 5.27487
152 150 5.60377
152 151 3.82599
152 153 3.8368
152 154 5.77675
6
153 37 7.81571
153 151 6.58508
153 152 3.8368
153 154 3.82309
153 155 6.64235
153 156 6.16218
8
154 137 6.63538
154 138 6.64889
154 139 5.85256
154 140 7.97716
154 152 5.77675
154 153 3.82309
154 155 3.8078
154 156 5.54684
13
155 39 6.06541
155 40 5.98487
155 41 7.30542
155 136 7.46404
155 137 5.19214
155 138 4.38112
155 139 5.51979
155 140 7.07818
155 145 6.23374
155 153 6.64235
155 154 3.8078
155 156 3.78692
155 157 7.06437
14
156 37 5.95772
156 38 5.46076
156 39 4.54012
156 40 4.90965
156 41 7.9344
156 135 7.73693
156 136 5.88272
156 137 5.7195
156 138 7.0329
156 153 6.16218
156 154 5.54684
156 155 3.78692
156 157 3.75249
156 158 7.04664
13
157 37 5.36981
157 38 5.81219
157 39 6.65833
157 40 5.73404
157 135 5.76965
157 136 4.24851
157 137 6.51282
157 155 7.06437
157 156 3.75249
157 158 3.81684
157 159 6.86275
157 161 6.45918
157 162 6.48933
14
158 18 7.75038
158 34 6.17697
158 35 5.35577
158 36 5.51358
158 37 4.72953
158 38 6.07075
158 135 6.9739
158 136 7.07012
158 156 7.04664
158 157 3.81684
158 159 3.81308
158 160 5.34929
158 161 5.15963
158 162 6.19812
17
159 18 5.95406
159 19 5.56982
159 20 5.22089
159 33 7.62325
159 34 4.84094
159 35 6.465
159 36 7.44291
159 37 7.81006
159 157 6.86275
159 158 3.81308
159 160 3.82164
159 161 5.64123
159 162 5.58427
159 163 6.11614
159 236 5.83702
159 237 6.70649
159 238 6.62695
11
160 19 7.78574
160 20 5.53408
160 31 7.92939
160 34 5.05102
160 35 5.98549
160 158 5.34929
160 159 3.82164
160 161 3.81603
160 162 5.72244
160 163 5.3623
160 164 6.27182
12
161 35 7.73164
161 133 6.3851
161 135 6.32967
161 136 6.61411
161 157 6.45918
161 158 5.15963
161 159 5.64123
161 160 3.81603
161 162 3.77758
161 163 5.52713
161 164 5.296
161 165 6.20515
12
162 136 7.00328
162 157 6.48933
162 158 6.19812
162 159 5.58427
162 160 5.72244
162 161 3.77758
162 163 3.81956
162 164 5.40479
162 165 5.01552
162 166 5.85671
162 222 7.80927
162 236 7.34629
15
163 20 6.72141
163 21 7.12854
163 159 6.11614
163 160 5.3623
163 161 5.52713
163 162 3.81956
163 164 3.80674
163 165 5.5295
163 166 5.19718
163 167 5.91561
163 222 7.21239
163 223 7.83565
163 234 6.33712
163 235 6.13446
163 236 5.9029
8
164 160 6.27182
164 161 5.296
164 162 5.40479
164 163 3.80674
164 165 3.81488
164 166 5.58623
164 167 5.0166
164 168 6.31133
11
165 128 7.29609
165 131 7.23932
165 133 6.71376
165 161 6.20515
165 162 5.01552
165 163 5.5295
165 164 3.81488
165 166 3.82044
165 167 5.29973
165 168 5.1883
165 169 6.41626
11
166 162 5.85671
166 163 5.19718
166 164 5.58623
166 165 3.82044
166 167 3.8109
166 168 5.52016
166 169 5.20694
166 170 6.20365
166 222 7.91334
166 223 7.13069
166 234 7.71022
11
167 163 5.91561
167 164 5.0166
167 165 5.29973
167 166 3.8109
167 168 3.82824
167 169 5.46201
167 170 5.37383
167 171 5.42941
167 172 6.32201
167 224 7.67732
167 234 6.29531
10
168 164 6.31133
168 165 5.1883
168 166 5.52016
168 167 3.82824
168 169 3.78613
168 170 5.7358
168 171 5.58247
168 172 4.05286
168 173 6.21328
168 174 5.61093
12
169 50 7.71367
169 165 6.41626
169 166 5.20694
169 167 5.46201
169 168 3.78613
169 170 3.81589
169 171 6.01174
169 172 5.70911
169 173 6.70705
169 174 5.22417
169 175 6.19201
169 180 6.68299
10
170 166 6.20365
170 167 5.37383
170 168 5.7358
170 169 3.81589
170 171 3.81517
170 172 5.99315
170 180 6.04089
170 183 7.38162
170 184 6.20422
170 224 7.86929
6
171 167 5.42941
171 168 5.58247
171 169 6.01174
171 170 3.81517
171 172 3.81939
171 173 7.01946
8
172 167 6.32201
172 168 4.05286
172 169 5.70911
172 170 5.99315
172 171 3.81939
172 173 3.81165
172 174 5.89382
172 175 7.74275
8
173 168 6.21328
173 169 6.70705
173 171 7.01946
173 172 3.81165
173 174 3.80353
173 175 5.25376
173 176 6.49369
173 177 7.87768
7
174 131 7.0539
174 168 5.61093
174 169 5.22417
174 172 5.89382
174 173 3.80353
174 175 3.83077
174 176 6.94275
12
175 50 7.89821
175 53 7.95101
175 54 6.20626
175 169 6.19201
175 172 7.74275
175 173 5.25376
175 174 3.83077
175 176 3.79437
175 177 6.5159
175 178 7.95954
175 179 5.76818
175 180 5.42816
8
176 54 7.85187
176 173 6.49369
176 174 6.94275
176 175 3.79437
176 177 3.84786
176 178 5.62332
176 179 5.35433
176 180 5.93221
7
177 173 7.87768
177 175 6.5159
177 176 3.84786
177 178 3.81538
177 179 5.57528
177 180 5.0561
177 181 6.10046
7
178 175 7.95954
178 176 5.62332
178 177 3.81538
178 179 3.80223
178 180 5.43634
178 181 5.17232
178 182 6.30551
11
179 50 7.95536
179 53 6.20015
179 54 7.31542
179 175 5.76818
179 176 5.35433
179 177 5.57528
179 178 3.80223
179 180 3.80317
179 181 5.40235
179 182 5.01858
179 183 6.17173
11
180 169 6.68299
180 170 6.04089
180 175 5.42816
180 176 5.93221
180 177 5.0561
180 178 5.43634
180 179 3.80317
180 181 3.80687
180 182 5.43222
180 183 5.25722
180 184 6.12389
8
181 177 6.10046
181 178 5.17232
181 179 5.40235
181 180 3.80687
181 182 3.84364
181 183 5.6074
181 184 5.18378
181 185 6.16384
8
182 178 6.30551
182 179 5.01858
182 180 5.43222
182 181 3.84364
182 183 3.77709
182 184 5.45427
182 185 5.21872
182 186 6.53531
12
183 46 7.90009
183 49 7.74531
183 50 6.74869
183 170 7.38162
183 179 6.17173
183 180 5.25722
183 181 5.6074
183 182 3.77709
183 184 3.83314
183 185 5.50586
183 186 5.30677
183 187 6.49417
10
184 170 6.20422
184 180 6.12389
184 181 5.18378
184 182 5.45427
184 183 3.83314
184 185 3.79461
184 186 5.37049
184 187 5.09017
184 188 6.14812
184 208 6.90736
9
185 181 6.16384
185 182 5.21872
185 183 5.50586
185 184 3.79461
185 186 3.82435
185 187 5.52182
185 188 5.13542
185 189 6.27276
185 208 7.939
12
186 100 5.7297
186 103 6.55928
186 104 6.34068
186 182 6.53531
186 183 5.30677
186 184 5.37049
186 185 3.82435
186 187 3.82477
186 188 5.44127
186 189 5.06632
186 190 6.62767
186 208 7.82934
14
187 103 6.63156
187 104 6.71933
187 183 6.49417
187 184 5.09017
187 185 5.52182
187 186 3.82477
187 188 3.81744
187 189 5.33613
187 190 5.41146
187 207 7.90742
187 208 4.34437
187 209 5.10894
187 210 6.65417
187 223 7.74069
10
188 184 6.14812
188 185 5.13542
188 186 5.44127
188 187 3.81744
188 189 3.81314
188 190 5.6112
188 206 7.81929
188 207 5.97033
188 208 3.95171
188 209 6.69701
8
189 104 5.8799
189 185 6.27276
189 186 5.06632
189 187 5.33613
189 188 3.81314
189 190 3.79667
189 191 6.41589
189 208 7.12317
13
190 103 6.59718
190 104 3.94906
190 105 6.75628
190 186 6.62767
190 187 5.41146
190 188 5.6112
190 189 3.79667
190 191 3.79165
190 192 5.92128
190 193 7.04858
190 208 6.90296
190 209 6.50046
190 210 7.01123
7
191 104 5.52471
191 105 6.14774
191 189 6.41589
191 190 3.79165
191 192 3.83846
191 193 5.99657
191 194 7.08984
9
192 104 7.0125
192 105 6.46864
192 106 7.64697
192 190 5.92128
192 191 3.83846
192 193 3.80925
192 194 5.80026
192 210 7.79557
192 211 6.78669
13
193 190 7.04858
193 191 5.99657
193 192 3.80925
193 194 3.81305
193 195 5.73791
193 196 5.00351
193 197 5.80245
193 198 5.4401
193 199 7.55837
193 209 7.57688
193 210 7.65518
193 211 6.63046
193 221 7.81854
8
194 191 7.08984
194 192 5.80026
194 193 3.81305
194 195 3.81275
194 196 5.59611
194 197 7.14557
194 198 5.20929
194 199 5.78654
10
195 193 5.73791
195 194 3.81275
195 196 3.8055
195 197 6.95078
195 198 6.53176
195 199 5.14739
195 200 7.99903
195 250 5.99609
195 251 7.26171
195 254 6.78627
12
196 193 5.00351
196 194 5.59611
196 195 3.8055
196 197 3.87433
196 198 5.52901
196 199 5.33465
196 200 6.50179
196 221 7.32753
196 250 5.49015
196 251 6.86858
196 253 5.48555
196 254 4.54198
12
197 193 5.80245
197 194 7.14557
197 195 6.95078
197 196 3.87433
197 198 3.79814
197 199 5.38357
197 200 5.1065
197 201 6.09921
197 221 6.80899
197 253 6.69591
197 254 5.27716
197 257 5.93786
11
198 193 5.4401
198 194 5.20929
198 195 6.53176
198 196 5.52901
198 197 3.79814
198 199 3.81061
198 200 5.53568
198 201 5.65855
198 203 7.67096
198 207 7.40727
198 254 7.50674
9
199 193 7.55837
199 194 5.78654
199 195 5.14739
199 196 5.33465
199 197 5.38357
199 198 3.81061
199 200 3.81875
199 201 5.98371
199 254 5.7679
14
200 195 7.99903
200 196 6.50179
200 197 5.1065
200 198 5.53568
200 199 3.81875
200 201 3.81171
200 202 6.75609
200 253 7.88748
200 254 4.37084
200 255 6.07232
200 256 7.62715
200 257 5.09358
200 258 4.83213
200 261 7.88763
11
201 197 6.09921
201 198 5.65855
201 199 5.98371
201 200 3.81171
201 202 3.84868
201 203 6.2831
201 205 6.82161
201 254 7.79627
201 257 6.15245
201 258 5.96084
201 261 6.06792
6
202 200 6.75609
202 201 3.84868
202 203 3.79525
202 204 5.50145
202 205 5.67103
202 261 7.47654
6
203 198 7.67096
203 201 6.2831
203 202 3.79525
203 204 3.81023
203 205 5.54824
203 206 7.75931
6
204 202 5.50145
204 203 3.81023
204 205 3.78802
204 206 6.32996
204 227 7.05454
204 228 6.54835
10
205 201 6.82161
205 202 5.67103
205 203 5.54824
205 204 3.78802
205 206 3.81582
205 207 6.34854
205 225 6.47056
205 226 5.42906
205 227 4.48353
205 228 5.96978
10
206 188 7.81929
206 203 7.75931
206 204 6.32996
206 205 3.81582
206 207 3.82916
206 208 7.01096
206 225 5.55928
206 226 5.07931
206 227 6.64778
206 228 7.96384
11
207 187 7.90742
207 188 5.97033
207 198 7.40727
207 205 6.34854
207 206 3.82916
207 208 3.78413
207 209 6.28352
207 223 7.16657
207 224 6.04215
207 225 4.51461
207 226 6.60332
14
208 184 6.90736
208 185 7.939
208 186 7.82934
208 187 4.34437
208 188 3.95171
208 189 7.12317
208 190 6.90296
208 206 7.01096
208 207 3.78413
208 209 3.80107
208 210 7.37542
208 223 5.46358
208 224 5.39204
208 225 6.33976
12
209 187 5.10894
209 188 6.69701
209 190 6.50046
209 193 7.57688
209 207 6.28352
209 208 3.80107
209 210 3.81082
209 211 6.74583
209 221 6.8658
209 222 5.49151
209 223 3.88986
209 224 6.36719
18
210 42 7.4967
210 43 5.67497
210 45 7.87774
210 46 7.0133
210 103 6.35526
210 104 7.65641
210 106 7.92402
210 187 6.65417
210 190 7.01123
210 192 7.79557
210 193 7.65518
210 208 7.37542
210 209 3.81082
210 211 3.81217
210 212 6.93221
210 221 5.79899
210 222 5.44737
210 223 6.19953
13
211 42 6.29812
211 43 5.69548
211 106 7.74973
211 192 6.78669
211 193 6.63046
211 209 6.74583
211 210 3.81217
211 212 3.7893
211 213 6.94129
211 219 7.49544
211 220 5.43255
211 221 4.31772
211 222 6.42064
12
212 40 7.01399
212 41 5.08958
212 42 4.25912
212 43 5.21558
212 210 6.93221
212 211 3.7893
212 213 3.8092
212 214 6.87581
212 218 7.57281
212 219 5.6754
212 220 4.7395
212 221 6.29196
12
213 41 6.11069
213 42 6.8233
213 146 7.58394
213 211 6.94129
213 212 3.8092
213 214 3.78783
213 215 7.1912
213 217 7.31379
213 218 5.1763
213 219 4.43079
213 220 6.20443
213 248 7.50547
11
214 41 6.22977
214 146 4.81532
214 147 6.70031
214 148 6.71347
214 212 6.87581
214 213 3.78783
214 215 3.79553
214 216 6.69591
214 217 6.40475
214 218 5.18311
214 219 6.91815
12
215 146 6.12293
215 147 5.5454
215 148 5.64595
215 149 7.86476
215 213 7.1912
215 214 3.79553
215 216 3.80669
215 217 5.27902
215 218 5.95952
215 244 5.68898
215 245 6.45344
215 246 7.53632
16
216 147 7.75662
216 148 6.13501
216 149 6.96482
216 214 6.69591
216 215 3.80669
216 217 3.78547
216 218 5.50008
216 240 6.37088
216 241 5.13692
216 242 5.73676
216 243 5.24575
216 244 4.0318
216 245 5.72855
216 246 5.48984
216 247 7.69837
216 248 7.83446
17
217 213 7.31379
217 214 6.40475
217 215 5.27902
217 216 3.78547
217 218 3.80929
217 219 6.3895
217 239 7.82866
217 240 5.71251
217 241 5.26484
217 242 7.79114
217 243 7.43365
217 244 7.02699
217 245 6.73429
217 246 4.79114
217 247 5.00667
217 248 4.08547
217 249 7.23961
15
218 39 7.28976
218 148 7.37569
218 212 7.57281
218 213 5.1763
218 214 5.18311
218 215 5.95952
218 216 5.50008
218 217 3.80929
218 219 3.8067
218 220 6.64285
218 238 7.58134
218 239 5.44594
218 240 4.25669
218 241 6.36489
218 248 5.88434
15
219 211 7.49544
219 212 5.6754
219 213 4.43079
219 214 6.91815
219 217 6.3895
219 218 3.8067
219 220 3.79954
219 221 7.09426
219 238 6.30486
219 239 5.24578
219 240 6.59264
219 248 5.84063
219 249 6.80794
219 250 7.11556
219 253 7.50167
15
220 40 7.5724
220 41 7.85851
220 43 7.26075
220 211 5.43255
220 212 4.7395
220 213 6.20443
220 218 6.64285
220 219 3.79954
220 221 3.81081
220 222 6.82972
220 236 7.64438
220 237 5.63268
220 238 4.35362
220 239 5.90288
220 253 7.37507
16
221 43 7.23381
221 193 7.81854
221 196 7.32753
221 197 6.80899
221 209 6.8658
221 210 5.79899
221 211 4.31772
221 212 6.29196
221 219 7.09426
221 220 3.81081
221 222 3.82464
221 223 6.85537
221 236 5.84577
221 237 5.37901
221 238 6.53989
221 253 7.40853
15
222 43 6.94381
222 162 7.80927
222 163 7.21239
222 166 7.91334
222 209 5.49151
222 210 5.44737
222 211 6.42064
222 220 6.82972
222 221 3.82464
222 223 3.76708
222 224 7.32542
222 234 7.85497
222 235 5.87243
222 236 4.21879
222 237 6.34718
14
223 163 7.83565
223 166 7.13069
223 187 7.74069
223 207 7.16657
223 208 5.46358
223 209 3.88986
223 210 6.19953
223 221 6.85537
223 222 3.76708
223 224 3.77015
223 225 6.70609
223 234 5.88479
223 235 5.68614
223 236 6.47125
13
224 167 7.67732
224 170 7.86929
224 207 6.04215
224 208 5.39204
224 209 6.36719
224 222 7.32542
224 223 3.77015
224 225 3.79197
224 226 6.96107
224 232 6.50983
224 233 5.60573
224 234 4.34451
224 235 6.19989
12
225 205 6.47056
225 206 5.55928
225 207 4.51461
225 208 6.33976
225 223 6.70609
225 224 3.79197
225 226 3.81404
225 227 6.51129
225 232 5.44334
225 233 5.21101
225 234 6.4257
225 235 7.82205
12
226 205 5.42906
226 206 5.07931
226 207 6.60332
226 224 6.96107
226 225 3.81404
226 227 3.83138
226 228 6.45351
226 229 7.84591
226 230 6.48768
226 231 6.2823
226 232 4.43434
226 233 6.36247
11
227 204 7.05454
227 205 4.48353
227 206 6.64778
227 225 6.51129
227 226 3.83138
227 228 3.85332
227 229 6.16365
227 230 5.38037
227 231 7.14402
227 232 6.87053
227 265 6.29723
7
228 204 6.54835
228 205 5.96978
228 206 7.96384
228 226 6.45351
228 227 3.85332
228 229 3.78929
228 230 5.66407
5
229 226 7.84591
229 227 6.16365
229 228 3.78929
229 230 3.82522
229 231 7.22809
8
230 25 6.98238
230 226 6.48768
230 227 5.38037
230 228 5.66407
230 229 3.82522
230 231 3.81002
230 232 6.52929
230 265 6.98684
10
231 23 7.35385
231 24 5.9439
231 25 4.80406
231 226 6.2823
231 227 7.14402
231 229 7.22809
231 230 3.81002
231 232 3.81333
231 233 6.7221
231 265 7.80362
11
232 23 6.48658
232 24 5.94325
232 25 6.94721
232 224 6.50983
