716
0 ALA 1
1 GLY 2
2 GLY 3
3 GLY 4
4 TYR 5
5 TRP 6
6 HIS 7
7 THR 8
8 SER 9
9 GLY 10
10 ARG 11
11 GLU 12
12 ILE 13
13 LEU 14
14 ASP 15
15 ALA 16
16 ASN 17
17 ASN 18
18 VAL 19
19 PRO 20
20 VAL 21
21 ARG 22
22 ILE 23
23 ALA 24
24 GLY 25
25 ILE 26
26 ASN 27
27 TRP 28
28 PHE 29
29 GLY 30
30 PHE 31
31 GLU 32
32 THR 33
33 CYS 34
34 ASN 35
35 TYR 36
36 VAL 37
37 VAL 38
38 HIS 39
39 GLY 40
40 LEU 41
41 TRP 42
42 SER 43
43 ARG 44
44 ASP 45
45 TYR 46
46 ARG 47
47 SER 48
48 MET 49
49 LEU 50
50 ASP 51
51 GLN 52
52 ILE 53
53 LYS 54
54 SER 55
55 LEU 56
56 GLY 57
57 TYR 58
58 ASN 59
59 THR 60
60 ILE 61
61 ARG 62
62 LEU 63
63 PRO 64
64 TYR 65
65 SER 66
66 ASP 67
67 ASP 68
68 ILE 69
69 LEU 70
70 LYS 71
71 PRO 72
72 GLY 73
73 THR 74
74 MET 75
75 PRO 76
76 ASN 77
77 SER 78
78 ILE 79
79 ASN 80
80 PHE 81
81 TYR 82
82 GLN 83
83 MET 84
84 ASN 85
85 GLN 86
86 ASP 87
87 LEU 88
88 GLN 89
89 GLY 90
90 LEU 91
91 THR 92
92 SER 93
93 LEU 94
94 GLN 95
95 VAL 96
96 MET 97
97 ASP 98
98 LYS 99
99 ILE 100
100 VAL 101
101 ALA 102
102 TYR 103
103 ALA 104
104 GLY 105
105 GLN 106
106 ILE 107
107 GLY 108
108 LEU 109
109 ARG 110
110 ILE 111
111 ILE 112
112 LEU 113
113 ASP 114
114 ARG 115
115 HIS 116
116 ARG 117
117 PRO 118
118 ASP 119
119 CYS 120
120 SER 121
121 GLY 122
122 GLN 123
123 SER 124
124 ALA 125
125 LEU 126
126 TRP 127
127 TYR 128
128 THR 129
129 SER 130
130 SER 131
131 VAL 132
132 SER 133
133 GLU 134
134 ALA 135
135 THR 136
136 TRP 137
137 ILE 138
138 SER 139
139 ASP 140
140 LEU 141
141 GLN 142
142 ALA 143
143 LEU 144
144 ALA 145
145 GLN 146
146 ARG 147
147 TYR 148
148 LYS 149
149 GLY 150
150 ASN 151
151 PRO 152
152 THR 153
153 VAL 154
154 VAL 155
155 GLY 156
156 PHE 157
157 ASP 158
158 LEU 159
159 HIS 160
160 ASN 161
161 GLU 162
162 PRO 163
163 HIS 164
164 ASP 165
165 PRO 166
166 ALA 167
167 CYS 168
168 TRP 169
169 GLY 170
170 CYS 171
171 GLY 172
172 ASP 173
173 PRO 174
174 SER 175
175 ILE 176
176 ASP 177
177 TRP 178
178 ARG 179
179 LEU 180
180 ALA 181
181 ALA 182
182 GLU 183
183 ARG 184
184 ALA 185
185 GLY 186
186 ASN 187
187 ALA 188
188 VAL 189
189 LEU 190
190 SER 191
191 VAL 192
192 ASN 193
193 PRO 194
194 ASN 195
195 LEU 196
196 LEU 197
197 ILE 198
198 PHE 199
199 VAL 200
200 GLU 201
201 GLY 202
202 VAL 203
203 GLN 204
204 SER 205
205 TYR 206
206 ASN 207
207 GLY 208
208 ASP 209
209 SER 210
210 TYR 211
211 TRP 212
212 TRP 213
213 GLY 214
214 GLY 215
215 ASN 216
216 LEU 217
217 GLN 218
218 GLY 219
219 ALA 220
220 GLY 221
221 GLN 222
222 TYR 223
223 PRO 224
224 VAL 225
225 VAL 226
226 LEU 227
227 ASN 228
228 VAL 229
229 PRO 230
230 ASN 231
231 ARG 232
232 LEU 233
233 VAL 234
234 TYR 235
235 SER 236
236 ALA 237
237 HIS 238
238 ASP 239
239 TYR 240
240 ALA 241
241 THR 242
242 SER 243
243 VAL 244
244 TYR 245
245 PRO 246
246 GLN 247
247 THR 248
248 TRP 249
249 PHE 250
250 SER 251
251 ASP 252
252 PRO 253
253 THR 254
254 PHE 255
255 PRO 256
256 ASN 257
257 ASN 258
258 MET 259
259 PRO 260
260 GLY 261
261 ILE 262
262 TRP 263
263 ASN 264
264 LYS 265
265 ASN 266
266 TRP 267
267 GLY 268
268 TYR 269
269 LEU 270
270 PHE 271
271 ASN 272
272 GLN 273
273 ASN 274
274 ILE 275
275 ALA 276
276 PRO 277
277 VAL 278
278 TRP 279
279 LEU 280
280 GLY 281
281 GLU 282
282 PHE 283
283 GLY 284
284 THR 285
285 THR 286
286 LEU 287
287 GLN 288
288 SER 289
289 THR 290
290 THR 291
291 ASP 292
292 GLN 293
293 THR 294
294 TRP 295
295 LEU 296
296 LYS 297
297 THR 298
298 LEU 299
299 VAL 300
300 GLN 301
301 TYR 302
302 LEU 303
303 ARG 304
304 PRO 305
305 THR 306
306 ALA 307
307 GLN 308
308 TYR 309
309 GLY 310
310 ALA 311
311 ASP 312
312 SER 313
313 PHE 314
314 GLN 315
315 TRP 316
316 THR 317
317 PHE 318
318 TRP 319
319 SER 320
320 TRP 321
321 ASN 322
322 PRO 323
323 ASP 324
324 SER 325
325 GLY 326
326 ASP 327
327 THR 328
328 GLY 329
329 GLY 330
330 ILE 331
331 LEU 332
332 LYS 333
333 ASP 334
334 ASP 335
335 TRP 336
336 GLN 337
337 THR 338
338 VAL 339
339 ASP 340
340 THR 341
341 VAL 342
342 LYS 343
343 ASP 344
344 GLY 345
345 TYR 346
346 LEU 347
347 ALA 348
348 PRO 349
349 ILE 350
350 LYS 351
351 SER 352
352 SER 353
353 ILE 354
354 PHE 355
355 ASP 356
356 PRO 357
357 VAL 358
358 ALA 1
359 GLY 2
360 GLY 3
361 GLY 4
362 TYR 5
363 TRP 6
364 HIS 7
365 THR 8
366 SER 9
367 GLY 10
368 ARG 11
369 GLU 12
370 ILE 13
371 LEU 14
372 ASP 15
373 ALA 16
374 ASN 17
375 ASN 18
376 VAL 19
377 PRO 20
378 VAL 21
379 ARG 22
380 ILE 23
381 ALA 24
382 GLY 25
383 ILE 26
384 ASN 27
385 TRP 28
386 PHE 29
387 GLY 30
388 PHE 31
389 GLU 32
390 THR 33
391 CYS 34
392 ASN 35
393 TYR 36
394 VAL 37
395 VAL 38
396 HIS 39
397 GLY 40
398 LEU 41
399 TRP 42
400 SER 43
401 ARG 44
402 ASP 45
403 TYR 46
404 ARG 47
405 SER 48
406 MET 49
407 LEU 50
408 ASP 51
409 GLN 52
410 ILE 53
411 LYS 54
412 SER 55
413 LEU 56
414 GLY 57
415 TYR 58
416 ASN 59
417 THR 60
418 ILE 61
419 ARG 62
420 LEU 63
421 PRO 64
422 TYR 65
423 SER 66
424 ASP 67
425 ASP 68
426 ILE 69
427 LEU 70
428 LYS 71
429 PRO 72
430 GLY 73
431 THR 74
432 MET 75
433 PRO 76
434 ASN 77
435 SER 78
436 ILE 79
437 ASN 80
438 PHE 81
439 TYR 82
440 GLN 83
441 MET 84
442 ASN 85
443 GLN 86
444 ASP 87
445 LEU 88
446 GLN 89
447 GLY 90
448 LEU 91
449 THR 92
450 SER 93
451 LEU 94
452 GLN 95
453 VAL 96
454 MET 97
455 ASP 98
456 LYS 99
457 ILE 100
458 VAL 101
459 ALA 102
460 TYR 103
461 ALA 104
462 GLY 105
463 GLN 106
464 ILE 107
465 GLY 108
466 LEU 109
467 ARG 110
468 ILE 111
469 ILE 112
470 LEU 113
471 ASP 114
472 ARG 115
473 HIS 116
474 ARG 117
475 PRO 118
476 ASP 119
477 CYS 120
478 SER 121
479 GLY 122
480 GLN 123
481 SER 124
482 ALA 125
483 LEU 126
484 TRP 127
485 TYR 128
486 THR 129
487 SER 130
488 SER 131
489 VAL 132
490 SER 133
491 GLU 134
492 ALA 135
493 THR 136
494 TRP 137
495 ILE 138
496 SER 139
497 ASP 140
498 LEU 141
499 GLN 142
500 ALA 143
501 LEU 144
502 ALA 145
503 GLN 146
504 ARG 147
505 TYR 148
506 LYS 149
507 GLY 150
508 ASN 151
509 PRO 152
510 THR 153
511 VAL 154
512 VAL 155
513 GLY 156
514 PHE 157
515 ASP 158
516 LEU 159
517 HIS 160
518 ASN 161
519 GLU 162
520 PRO 163
521 HIS 164
522 ASP 165
523 PRO 166
524 ALA 167
525 CYS 168
526 TRP 169
527 GLY 170
528 CYS 171
529 GLY 172
530 ASP 173
531 PRO 174
532 SER 175
533 ILE 176
534 ASP 177
535 TRP 178
536 ARG 179
537 LEU 180
538 ALA 181
539 ALA 182
540 GLU 183
541 ARG 184
542 ALA 185
543 GLY 186
544 ASN 187
545 ALA 188
546 VAL 189
547 LEU 190
548 SER 191
549 VAL 192
550 ASN 193
551 PRO 194
552 ASN 195
553 LEU 196
554 LEU 197
555 ILE 198
556 PHE 199
557 VAL 200
558 GLU 201
559 GLY 202
560 VAL 203
561 GLN 204
562 SER 205
563 TYR 206
564 ASN 207
565 GLY 208
566 ASP 209
567 SER 210
568 TYR 211
569 TRP 212
570 TRP 213
571 GLY 214
572 GLY 215
573 ASN 216
574 LEU 217
575 GLN 218
576 GLY 219
577 ALA 220
578 GLY 221
579 GLN 222
580 TYR 223
581 PRO 224
582 VAL 225
583 VAL 226
584 LEU 227
585 ASN 228
586 VAL 229
587 PRO 230
588 ASN 231
589 ARG 232
590 LEU 233
591 VAL 234
592 TYR 235
593 SER 236
594 ALA 237
595 HIS 238
596 ASP 239
597 TYR 240
598 ALA 241
599 THR 242
600 SER 243
601 VAL 244
602 TYR 245
603 PRO 246
604 GLN 247
605 THR 248
606 TRP 249
607 PHE 250
608 SER 251
609 ASP 252
610 PRO 253
611 THR 254
612 PHE 255
613 PRO 256
614 ASN 257
615 ASN 258
616 MET 259
617 PRO 260
618 GLY 261
619 ILE 262
620 TRP 263
621 ASN 264
622 LYS 265
623 ASN 266
624 TRP 267
625 GLY 268
626 TYR 269
627 LEU 270
628 PHE 271
629 ASN 272
630 GLN 273
631 ASN 274
632 ILE 275
633 ALA 276
634 PRO 277
635 VAL 278
636 TRP 279
637 LEU 280
638 GLY 281
639 GLU 282
640 PHE 283
641 GLY 284
642 THR 285
643 THR 286
644 LEU 287
645 GLN 288
646 SER 289
647 THR 290
648 THR 291
649 ASP 292
650 GLN 293
651 THR 294
652 TRP 295
653 LEU 296
654 LYS 297
655 THR 298
656 LEU 299
657 VAL 300
658 GLN 301
659 TYR 302
660 LEU 303
661 ARG 304
662 PRO 305
663 THR 306
664 ALA 307
665 GLN 308
666 TYR 309
667 GLY 310
668 ALA 311
669 ASP 312
670 SER 313
671 PHE 314
672 GLN 315
673 TRP 316
674 THR 317
675 PHE 318
676 TRP 319
677 SER 320
678 TRP 321
679 ASN 322
680 PRO 323
681 ASP 324
682 SER 325
683 GLY 326
684 ASP 327
685 THR 328
686 GLY 329
687 GLY 330
688 ILE 331
689 LEU 332
690 LYS 333
691 ASP 334
692 ASP 335
693 TRP 336
694 GLN 337
695 THR 338
696 VAL 339
697 ASP 340
698 THR 341
699 VAL 342
700 LYS 343
701 ASP 344
702 GLY 345
703 TYR 346
704 LEU 347
705 ALA 348
706 PRO 349
707 ILE 350
708 LYS 351
709 SER 352
710 SER 353
711 ILE 354
712 PHE 355
713 ASP 356
714 PRO 357
715 VAL 358
28
0 1 3.78131
0 2 5.68846
0 3 9.26625
0 4 11.3094
0 5 10.6544
0 12 11.4621
0 13 9.05583
0 14 6.88869
0 15 8.88889
0 16 8.14329
0 17 9.16381
0 18 6.54428
0 19 7.88899
0 20 6.86248
0 21 9.86771
0 22 11.6725
0 58 11.3378
0 107 9.67733
0 108 11.1093
0 109 11.6306
0 310 11.3322
0 351 11.0562
0 352 8.72298
0 353 8.28587
0 354 5.51357
0 355 5.76651
0 356 9.46342
0 357 11.0317
36
1 0 3.78131
1 2 3.77444
1 3 6.53916
1 4 7.98523
1 5 7.57016
1 6 10.7464
1 12 9.72096
1 13 7.73847
1 14 4.96588
1 15 7.34282
1 16 8.33126
1 17 9.20271
1 18 7.6261
1 19 8.17311
1 20 6.39393
1 21 9.03788
1 22 9.87862
1 58 10.1122
1 59 10.8708
1 104 10.843
1 107 8.68972
1 108 9.16774
1 109 8.65078
1 110 11.8806
1 151 9.32194
1 152 9.60519
1 153 11.6511
1 154 9.8462
1 310 11.7827
1 351 11.7004
1 352 9.81855
1 353 8.61174
1 354 5.21036
1 355 5.87383
1 356 8.71767
1 357 9.1952
29
2 0 5.68846
2 1 3.77444
2 3 3.79999
2 4 6.81045
2 5 7.95809
2 6 11.357
2 13 9.4206
2 14 5.71611
2 15 5.85918
2 16 7.14214
2 17 9.39689
2 18 8.99894
2 19 10.7125
2 20 9.82173
2 104 10.6478
2 105 11.9885
2 107 9.68484
2 108 10.8755
2 109 10.2732
2 150 10.9272
2 151 7.96993
2 152 9.32774
2 153 11.8006
2 154 10.4927
2 353 11.3562
2 354 7.57019
2 355 6.15076
2 356 8.08335
2 357 7.50993
29
3 0 9.26625
3 1 6.53916
3 2 3.79999
3 4 3.79907
3 5 6.46373
3 6 9.88291
3 13 9.93036
3 14 6.34334
3 15 5.20295
3 16 8.09927
3 17 10.1865
3 18 11.0194
3 20 11.814
3 104 11.1415
3 107 11.8998
3 109 10.738
3 148 11.7889
3 149 9.24145
3 150 8.47816
3 151 5.5996
3 152 8.34889
3 153 10.118
3 154 8.79297
3 194 9.40421
3 195 10.5316
3 354 10.5908
3 355 9.35733
3 356 10.2153
3 357 8.15694
34
4 0 11.3094
4 1 7.98523
4 2 6.81045
4 3 3.79907
4 5 3.80719
4 6 7.05204
4 7 10.684
4 12 10.4472
4 13 8.90376
4 14 6.32789
4 15 5.92142
4 16 9.63706
4 17 10.4809
4 18 11.7564
4 20 11.6096
4 109 10.5224
4 110 11.6617
4 147 11.8662
4 148 10.3375
4 149 8.90384
4 150 8.61066
4 151 5.33105
4 152 8.3287
4 153 8.56407
4 154 6.28948
4 155 8.92364
4 192 10.2558
4 193 9.75461
4 194 5.98969
4 195 6.87623
4 196 8.41779
4 230 11.7758
4 231 10.2903
4 357 10.7353
36
5 0 10.6544
5 1 7.57016
5 2 7.95809
5 3 6.46373
5 4 3.80719
5 6 3.83712
5 7 7.10498
5 8 10.0609
5 11 10.3727
5 12 6.70805
5 13 5.59278
5 14 4.44512
5 15 5.75546
5 16 9.05639
5 17 8.48494
5 18 9.60727
5 19 9.33063
5 20 8.94684
5 21 10.9988
5 22 11.2572
5 109 11.026
5 151 8.43415
5 152 10.4829
5 153 10.203
5 154 6.82019
5 155 8.78552
5 193 10.7012
5 194 7.03337
5 195 7.30055
5 196 7.0105
5 197 10.8057
5 229 11.9302
5 230 9.15095
5 231 8.09199
5 232 10.7888
5 233 11.3153
36
6 1 10.7464
6 2 11.357
6 3 9.88291
6 4 7.05204
6 5 3.83712
6 7 3.79419
6 8 6.82922
6 9 9.95379
6 10 10.7564
6 11 8.60449
6 12 5.76071
6 13 5.48632
6 14 6.57764
6 15 7.55879
6 16 10.295
6 17 8.49963
6 18 10.3312
6 19 9.57146
6 20 10.2016
6 151 11.9259
6 154 9.48031
6 155 10.1255
6 193 10.3366
6 194 7.45203
6 195 8.06673
6 196 6.75672
6 197 9.98025
6 198 11.8656
6 228 10.2809
6 229 8.64127
6 230 5.49996
6 231 5.54318
6 232 8.30851
6 233 9.47478
6 275 10.9305
6 276 10.3382
37
7 4 10.684
7 5 7.10498
7 6 3.79419
7 8 3.83215
7 9 6.28985
7 10 7.1435
7 11 5.76888
7 12 4.52259
7 13 6.0037
7 14 8.80085
7 15 10.4951
7 17 9.58915
7 18 10.9422
7 19 9.16743
7 20 10.2274
7 21 11.4047
7 154 11.9516
7 155 11.9504
7 194 10.6972
7 195 10.7059
7 196 8.22413
7 197 10.3933
7 198 11.4231
7 228 11.1682
7 229 8.45885
7 230 4.65243
7 231 5.87943
7 232 7.02546
7 233 7.62314
7 234 11.1576
7 273 11.0807
7 274 10.349
7 275 7.39747
7 276 7.21214
7 277 10.6464
7 310 11.9168
7 311 11.6586
26
8 5 10.0609
8 6 6.82922
8 7 3.83215
8 9 3.76922
8 10 6.20134
8 11 5.51366
8 12 6.32557
8 13 7.02257
8 14 10.4036
8 15 11.8282
8 17 9.20919
8 18 10.686
8 19 9.07992
8 20 11.3136
8 229 9.7877
8 230 6.49853
8 231 9.11991
8 232 9.85621
8 233 10.3259
8 270 11.7418
8 273 9.22066
8 274 9.33659
8 275 7.58991
8 276 8.23581
8 310 11.7173
8 311 10.6495
25
9 6 9.95379
9 7 6.28985
9 8 3.76922
9 10 3.80011
9 11 5.58143
9 12 8.11282
9 13 9.94322
9 19 11.0329
9 229 11.3782
9 230 8.44128
9 231 10.8393
9 232 10.2239
9 233 10.0162
9 269 9.90318
9 270 8.57822
9 271 10.4679
9 272 9.2155
9 273 5.46885
9 274 6.04683
9 275 5.28348
9 276 6.76768
9 277 10.401
9 310 11.8788
9 311 9.68065
9 312 11.389
32
10 6 10.7564
10 7 7.1435
10 8 6.20134
10 9 3.80011
10 11 3.80982
10 12 7.09296
10 13 9.98199
10 19 10.3128
10 20 11.3712
10 21 10.98
10 230 10.308
10 231 11.5517
10 232 10.1874
10 233 8.57087
10 234 10.1156
10 267 10.8029
10 268 10.7665
10 269 8.03133
10 270 5.74779
10 271 8.31318
10 272 8.40119
10 273 5.03661
10 274 6.28037
10 275 4.45841
10 276 3.89457
10 277 7.19829
10 278 10.2387
10 310 9.50428
10 311 7.11886
10 312 7.92937
10 313 8.46342
10 314 9.96404
36
11 5 10.3727
11 6 8.60449
11 7 5.76888
11 8 5.51366
11 9 5.58143
11 10 3.80982
11 12 3.79763
11 13 6.48245
11 14 10.1226
11 17 10.4336
11 18 9.90448
11 19 6.62328
11 20 7.69375
11 21 7.99348
11 22 10.2538
11 230 10.1233
11 231 11.0378
11 232 10.7024
11 233 9.14291
11 234 11.5845
11 269 11.5222
11 270 8.97441
11 271 11.5471
11 273 8.695
11 274 9.85301
11 275 7.2858
11 276 5.31735
11 277 8.54404
11 278 10.3739
11 308 11.3662
11 309 10.3368
11 310 6.84758
11 311 5.9137
11 312 7.45614
11 313 8.39955
11 314 8.84722
41
12 0 11.4621
12 1 9.72096
12 4 10.4472
12 5 6.70805
12 6 5.76071
12 7 4.52259
12 8 6.32557
12 9 8.11282
12 10 7.09296
12 11 3.79763
12 13 3.81934
12 14 6.90262
12 15 9.98635
12 16 11.3993
12 17 8.7331
12 18 8.44434
12 19 5.69219
12 20 5.87266
12 21 6.95322
12 22 8.59685
12 154 10.962
12 155 11.8786
12 195 11.9635
12 196 9.43105
12 197 11.9382
12 198 11.9989
12 230 9.06552
12 231 9.15135
12 232 9.77319
12 233 8.64504
12 234 11.8405
12 275 9.14276
12 276 6.93171
12 277 9.7606
12 278 10.4851
12 309 11.6933
12 310 7.90609
12 311 8.67673
12 312 9.8035
12 313 9.97829
12 314 8.87607
30
13 0 9.05583
13 1 7.73847
13 2 9.4206
13 3 9.93036
13 4 8.90376
13 5 5.59278
13 6 5.48632
13 7 6.0037
13 8 7.02257
13 9 9.94322
13 10 9.98199
13 11 6.48245
13 12 3.81934
13 14 3.79615
13 15 6.63663
13 16 7.59506
13 17 5.05224
13 18 5.2393
13 19 4.17296
13 20 5.6571
13 21 8.52476
13 22 10.6343
13 154 11.4629
13 196 10.9507
13 230 9.99596
13 231 10.5917
13 233 11.9966
13 276 10.6025
13 310 9.0156
13 311 10.4661
31
14 0 6.88869
14 1 4.96588
14 2 5.71611
14 3 6.34334
14 4 6.32789
14 5 4.44512
14 6 6.57764
14 7 8.80085
14 8 10.4036
14 11 10.1226
14 12 6.90262
14 13 3.79615
14 15 3.78658
14 16 5.53107
14 17 5.19377
14 18 5.48426
14 19 6.3089
14 20 6.6208
14 21 9.86255
14 22 11.3418
14 109 11.8756
14 151 10.3465
14 154 10.0523
14 194 11.0044
14 195 11.6794
14 196 11.265
14 230 11.9341
14 231 11.8785
14 310 11.4147
14 354 10.0952
14 355 10.5556
21
15 0 8.88889
15 1 7.34282
15 2 5.85918
15 3 5.20295
15 4 5.92142
15 5 5.75546
15 6 7.55879
15 7 10.4951
15 8 11.8282
15 12 9.98635
15 13 6.63663
15 14 3.78658
15 16 3.81723
15 17 5.29585
15 18 7.32344
15 19 9.39642
15 20 10.3276
15 151 10.3241
15 154 11.5267
15 194 10.1751
15 355 11.805
15
16 0 8.14329
16 1 8.33126
16 2 7.14214
16 3 8.09927
16 4 9.63706
16 5 9.05639
16 6 10.295
16 12 11.3993
16 13 7.59506
16 14 5.53107
16 15 3.81723
16 17 3.79586
16 18 5.53386
16 19 8.84605
16 20 10.6293
18
17 0 9.16381
17 1 9.20271
17 2 9.39689
17 3 10.1865
17 4 10.4809
17 5 8.48494
17 6 8.49963
17 7 9.58915
17 8 9.20919
17 11 10.4336
17 12 8.7331
17 13 5.05224
17 14 5.19377
17 15 5.29585
17 16 3.79586
17 18 3.79551
17 19 6.29809
17 20 9.0306
23
18 0 6.54428
18 1 7.6261
18 2 8.99894
18 3 11.0194
18 4 11.7564
18 5 9.60727
18 6 10.3312
18 7 10.9422
18 8 10.686
18 11 9.90448
18 12 8.44434
18 13 5.2393
18 14 5.48426
18 15 7.32344
18 16 5.53386
18 17 3.79551
18 19 3.82665
18 20 6.42146
18 21 10.1182
18 309 11.4937
18 310 9.26801
18 311 11.4235
18 354 11.4708
30
19 0 7.88899
19 1 8.17311
19 2 10.7125
19 5 9.33063
19 6 9.57146
19 7 9.16743
19 8 9.07992
19 9 11.0329
19 10 10.3128
19 11 6.62328
19 12 5.69219
19 13 4.17296
19 14 6.3089
19 15 9.39642
19 16 8.84605
19 17 6.29809
19 18 3.82665
19 20 3.78341
19 21 6.92179
19 22 10.1887
19 276 11.544
19 308 11.4682
19 309 8.68984
19 310 5.78127
19 311 7.91619
19 312 10.383
19 314 11.5663
19 351 11.279
19 352 11.5904
19 354 11.4547
41
20 0 6.86248
20 1 6.39393
20 2 9.82173
20 3 11.814
20 4 11.6096
20 5 8.94684
20 6 10.2016
20 7 10.2274
20 8 11.3136
20 10 11.3712
20 11 7.69375
20 12 5.87266
20 13 5.6571
20 14 6.6208
20 15 10.3276
20 16 10.6293
20 17 9.0306
20 18 6.42146
20 19 3.78341
20 21 3.7906
20 22 6.74307
20 23 9.31874
20 58 10.2705
20 59 11.1385
20 109 11.4581
20 276 11.4041
20 305 10.8559
20 308 11.6749
20 309 8.46389
20 310 5.48196
20 311 8.65276
20 312 9.7936
20 313 10.7434
20 314 9.19997
20 315 11.9239
20 350 11.3959
20 351 8.35699
20 352 8.64725
20 353 9.8622
20 354 8.62725
20 355 11.1337
42
21 0 9.86771
21 1 9.03788
21 5 10.9988
21 7 11.4047
21 10 10.98
21 11 7.99348
21 12 6.95322
21 13 8.52476
21 14 9.86255
21 18 10.1182
21 19 6.92179
21 20 3.7906
21 22 3.81984
21 23 5.95178
21 24 9.20076
21 57 10.7149
21 58 8.69925
21 59 9.31596
21 109 11.1454
21 276 10.1948
21 277 10.9115
21 278 9.80777
21 279 11.906
21 302 11.4437
21 303 11.1809
21 304 11.1476
21 305 8.88694
21 308 10.5224
21 309 7.75986
21 310 5.00935
21 311 7.94644
21 312 7.5491
21 313 7.71105
21 314 5.8331
21 315 8.28916
21 316 10.5843
21 349 9.38135
21 350 8.52849
21 351 6.44169
21 352 8.13175
21 353 9.77977
21 354 9.76529
49
22 0 11.6725
22 1 9.87862
22 5 11.2572
22 11 10.2538
22 12 8.59685
22 13 10.6343
22 14 11.3418
22 19 10.1887
22 20 6.74307
22 21 3.81984
22 23 3.79629
22 24 6.02254
22 25 9.42975
22 26 11.9228
22 56 11.3806
22 57 8.691
22 58 6.6851
22 59 6.07313
22 60 9.0416
22 61 10.0122
22 108 10.0278
22 109 8.69942
22 110 9.90338
22 111 9.96334
22 154 10.4726
22 155 11.7738
22 233 11.6054
22 276 10.7668
22 277 10.4914
22 278 8.16051
22 279 9.84832
22 280 9.9597
22 302 11.8548
22 305 11.2207
22 309 11.141
22 310 8.66601
22 311 11.0771
22 312 9.66692
22 313 8.23641
22 314 4.86901
22 315 5.90487
22 316 7.26558
22 317 10.6641
22 349 9.86778
22 350 8.52621
22 351 7.57836
22 352 9.0518
22 353 9.63142
22 354 9.86068
46
23 20 9.31874
23 21 5.95178
23 22 3.79629
23 24 3.77016
23 25 7.32251
23 26 10.5836
23 52 11.6181
23 53 11.2594
23 55 11.3569
23 56 8.62208
23 57 6.03518
23 58 5.80939
23 59 6.23177
23 60 8.84853
23 61 10.3252
23 108 10.5188
23 109 10.2793
23 110 11.4493
23 111 11.8805
23 278 9.50953
23 279 9.74526
23 280 9.95925
23 281 11.5176
23 299 11.6891
23 302 10.7064
23 303 11.5806
23 304 10.9881
23 305 9.88993
23 309 11.2294
23 310 9.93282
23 312 10.2717
23 313 8.79926
23 314 6.02132
23 315 5.0557
23 316 5.78376
23 317 8.20215
23 318 11.8235
23 346 9.24094
23 347 10.0293
23 348 10.5506
23 349 7.13279
23 350 5.38946
23 351 5.96322
23 352 8.1659
23 353 9.23208
23 354 10.869
45
24 21 9.20076
24 22 6.02254
24 23 3.77016
24 25 3.77159
24 26 7.17344
24 27 9.80446
24 49 11.9999
24 52 8.8857
24 53 9.48785
24 54 11.9966
24 55 10.0408
24 56 8.26073
24 57 4.60916
24 58 5.09964
24 59 4.28111
24 60 5.66898
24 61 7.5529
24 62 10.8137
24 108 9.17041
24 109 9.01996
24 110 9.46667
24 111 10.1945
24 278 10.8075
24 279 10.4179
24 280 9.27999
24 281 10.2019
24 282 11.3938
24 313 11.7329
24 314 8.54864
24 315 6.23914
24 316 4.31511
24 317 6.37303
24 318 9.34012
24 319 9.67327
24 320 9.58954
24 330 11.5447
24 343 11.6104
24 346 9.88885
24 347 11.2811
24 349 9.88263
24 350 7.68971
24 351 8.78009
24 352 9.99782
24 353 9.80128
24 354 11.5512
42
25 22 9.42975
25 23 7.32251
25 24 3.77159
25 26 3.82678
25 27 6.48106
25 28 9.65234
25 49 11.1128
25 51 11.9426
25 52 8.29724
25 53 10.3329
25 55 10.5047
25 56 10.0572
25 57 6.53043
25 58 7.93373
25 59 6.337
25 60 5.14755
25 61 6.36133
25 62 8.92035
25 63 11.2031
25 108 10.9092
25 109 10.7043
25 110 10.0355
25 111 10.4732
25 279 11.0165
25 280 8.94465
25 281 8.67847
25 282 9.89989
25 283 10.4127
25 314 11.15
25 315 7.98316
25 316 4.47114
25 317 4.71742
25 318 6.33725
25 319 6.12138
25 320 6.12039
25 321 9.56242
25 329 9.7541
25 330 9.00469
25 331 11.3732
25 343 10.9245
25 346 10.6447
25 350 10.501
44
26 22 11.9228
26 23 10.5836
26 24 7.17344
26 25 3.82678
26 27 3.8381
26 28 6.11516
26 29 9.80496
26 30 11.6002
26 37 10.3532
26 38 11.4008
26 52 10.5289
26 57 10.1514
26 58 11.0444
26 59 8.49266
26 60 5.61695
26 61 4.8758
26 62 6.32947
26 63 7.78333
26 64 11.4465
26 109 11.9527
26 110 10.0364
26 111 9.70813
26 112 10.466
26 113 9.90322
26 115 11.4611
26 279 11.5396
26 280 8.46735
26 281 7.67396
26 282 9.67763
26 283 10.2665
26 315 9.89675
26 316 6.10126
26 317 5.95689
26 318 5.3066
26 319 4.91745
26 320 5.78978
26 321 7.91061
26 322 11.2377
26 324 10.9981
26 327 11.92
26 328 11.8826
26 329 9.44398
26 330 10.0395
26 331 11.807
43
27 24 9.80446
27 25 6.48106
27 26 3.8381
27 28 3.78357
27 29 6.91096
27 30 9.0881
27 31 10.5982
27 32 11.8878
27 36 10.184
27 37 6.70635
27 38 7.82086
27 39 9.53391
27 40 11.4627
27 45 11.3714
27 48 10.1772
27 49 10.0634
27 52 9.90666
27 57 11.5872
27 59 10.0777
27 60 6.58264
27 61 6.60683
27 62 5.83873
27 63 7.4021
27 64 10.3194
27 99 11.1593
27 110 10.4845
27 111 10.9179
27 112 10.8849
27 113 10.7843
27 115 11.9034
27 281 11.1688
27 316 9.78952
27 317 9.42284
27 318 7.98892
27 319 6.30946
27 320 5.36524
27 321 6.25172
27 322 10.0387
27 323 10.7276
27 324 10.6177
27 329 9.81868
27 330 10.3992
27 331 10.8711
38
28 25 9.65234
28 26 6.11516
28 27 3.78357
28 29 3.74325
28 30 6.27688
28 31 7.1321
28 32 8.16766
28 33 11.485
28 34 10.6454
28 35 9.99934
28 36 8.15375
28 37 5.41342
28 38 6.56995
28 39 9.55449
28 40 11.5332
28 60 9.50746
28 61 8.16948
28 62 6.15819
28 63 5.5948
28 64 7.88406
28 65 10.6939
28 96 11.9847
28 112 10.8614
28 113 9.85507
28 114 11.3287
28 115 9.39916
28 116 11.6057
28 119 11.8337
28 281 11.6608
28 317 11.5008
28 318 9.09061
28 319 7.76163
28 320 7.91689
28 321 6.98641
28 322 10.386
28 323 9.67279
28 324 9.33661
28 329 11.0817
38
29 26 9.80496
29 27 6.91096
29 28 3.74325
29 30 3.80831
29 31 5.43909
29 32 5.48518
29 33 8.18474
29 34 6.94538
29 35 6.46212
29 36 4.98848
29 37 3.59766
29 38 4.98775
29 39 8.71803
29 40 10.0168
29 61 11.1461
29 62 8.185
29 63 6.96405
29 64 7.3389
29 65 9.3901
29 68 10.9006
29 75 9.71712
29 76 10.7378
29 77 9.62182
29 78 11.1657
29 92 10.4643
29 95 11.8639
29 96 10.8757
29 113 11.4168
29 114 11.9181
29 115 10.1522
29 116 11.2457
29 119 9.58231
29 319 11.1293
29 320 10.8413
29 321 8.96336
29 322 11.8646
29 323 10.3192
29 324 10.7823
44
30 26 11.6002
30 27 9.0881
30 28 6.27688
30 29 3.80831
30 31 3.80361
30 32 5.57994
30 33 7.68628
30 34 7.02228
30 35 4.54451
30 36 4.24869
30 37 5.27644
30 38 8.08217
30 39 11.6679
30 40 11.942
30 61 11.3243
30 62 7.72098
30 63 6.11532
30 64 4.59251
30 65 6.5251
30 66 9.39949
30 67 8.81056
30 68 7.2434
30 69 10.6043
30 73 10.8149
30 74 10.4364
30 75 8.47457
30 76 10.5946
30 77 10.7492
30 91 11.4307
30 92 7.65171
30 93 9.29414
30 94 11.9587
30 95 9.98295
30 96 8.63275
30 99 11.6424
30 112 10.4776
30 113 9.91957
30 114 9.77916
30 115 9.01601
30 116 9.73634
30 117 11.784
30 118 10.2511
30 119 8.21177
30 120 11.6434
36
31 27 10.5982
31 28 7.1321
31 29 5.43909
31 30 3.80361
31 32 3.82946
31 33 6.80754
31 34 8.03041
31 35 6.39895
31 36 7.64416
31 37 8.38211
31 38 10.2954
31 62 8.97987
31 63 5.80684
31 64 4.07876
31 65 4.25703
31 66 7.86475
31 67 7.75735
31 68 7.90674
31 69 10.9705
31 75 11.0645
31 92 10.5418
31 93 11.9554
31 96 11.9883
31 112 11.0209
31 113 9.16271
31 114 7.99591
31 115 6.28595
31 116 6.20507
31 117 8.59483
31 118 7.19679
31 119 5.26109
31 120 8.43642
31 121 8.39775
31 122 9.35593
31 160 10.8897
31 683 10.7101
36
32 27 11.8878
32 28 8.16766
32 29 5.48518
32 30 5.57994
32 31 3.82946
32 33 3.78999
32 34 5.46629
32 35 5.82351
32 36 7.61165
32 37 8.59128
32 38 9.17456
32 62 11.9245
32 63 9.0887
32 64 7.83805
32 65 7.34326
32 66 10.4062
32 67 9.02833
32 68 9.61054
32 75 10.131
32 76 10.4924
32 77 10.7535
32 92 11.4758
32 114 11.6605
32 115 9.38272
32 116 8.47245
32 117 10.5942
32 118 8.06807
32 119 4.5437
32 120 6.91235
32 121 7.90588
32 122 10.2089
32 390 11.8186
32 681 8.67608
32 682 9.32751
32 683 8.28741
32 684 11.8287
38
33 28 11.485
33 29 8.18474
33 30 7.68628
33 31 6.80754
33 32 3.78999
33 34 3.83112
33 35 5.26209
33 36 8.24143
33 37 10.4071
33 38 10.7034
33 64 10.3979
33 65 9.10876
33 66 11.0912
33 67 8.48357
33 68 9.34749
33 73 10.1989
33 74 10.0652
33 75 8.59054
33 76 8.28082
33 77 9.58138
33 92 11.0051
33 116 10.8769
33 117 11.9264
33 118 8.5108
33 119 4.99564
33 120 6.97834
33 121 9.5508
33 396 11.6876
33 679 10.5447
33 680 8.76019
33 681 5.2449
33 682 6.21829
33 683 5.53993
33 684 9.26615
33 685 10.8388
33 686 9.5476
33 687 11.9919
33 691 10.4743
40
34 28 10.6454
34 29 6.94538
34 30 7.02228
34 31 8.03041
34 32 5.46629
34 33 3.83112
34 35 3.79884
34 36 5.58506
34 37 7.95178
34 38 7.98967
34 39 10.9868
34 40 11.0012
34 41 11.3397
34 64 11.0294
34 65 10.9307
34 67 10.4082
34 68 9.84661
34 73 9.82837
34 74 8.2943
34 75 5.65898
34 76 5.0509
34 77 5.87771
34 78 8.98154
34 91 11.662
34 92 9.24628
34 118 11.7319
34 119 8.37758
34 120 10.71
34 396 10.3162
34 397 10.5642
34 399 11.9412
34 679 10.5414
34 680 8.81746
34 681 5.75223
34 682 8.53969
34 683 8.92379
34 686 11.2555
34 691 8.94698
34 692 11.1019
34 693 11.558
42
35 28 9.99934
35 29 6.46212
35 30 4.54451
35 31 6.39895
35 32 5.82351
35 33 5.26209
35 34 3.79884
35 36 3.79532
35 37 7.14162
35 38 8.92256
35 40 11.6816
35 63 10.5757
35 64 8.26671
35 65 8.41651
35 66 10.1674
35 67 7.83846
35 68 6.37296
35 69 10.1376
35 70 10.9396
35 72 11.1395
35 73 7.45981
35 74 6.58301
35 75 4.72777
35 76 6.66088
35 77 8.07601
35 78 9.99404
35 90 11.5804
35 91 9.00279
35 92 5.98304
35 93 9.08445
35 94 11.4209
35 95 9.73528
35 96 10.0018
35 116 11.9882
35 118 10.4029
35 119 7.91244
35 120 11.2253
35 680 11.3863
35 681 8.71195
35 682 10.9572
35 683 10.0701
35 691 10.3812
41
36 27 10.184
36 28 8.15375
36 29 4.98848
36 30 4.24869
36 31 7.64416
36 32 7.61165
36 33 8.24143
36 34 5.58506
36 35 3.79532
36 37 3.81639
36 38 6.25922
36 39 9.21213
36 40 8.47367
36 41 10.6363
36 45 10.9362
36 62 10.2976
36 63 9.86156
36 64 8.65748
36 65 10.3234
36 67 10.9745
36 68 8.70006
36 73 10.0171
36 74 8.16554
36 75 5.19696
36 76 7.33244
36 77 7.17609
36 78 7.95702
36 79 11.7262
36 87 10.8267
36 90 10.9418
36 91 9.34368
36 92 6.0874
36 93 8.89736
36 94 10.4091
36 95 7.67566
36 96 7.95986
36 97 11.6637
36 98 11.6826
36 99 10.4517
36 119 10.8497
36 681 11.2717
42
37 26 10.3532
37 27 6.70635
37 28 5.41342
37 29 3.59766
37 30 5.27644
37 31 8.38211
37 32 8.59128
37 33 10.4071
37 34 7.95178
37 35 7.14162
37 36 3.81639
37 38 3.78394
37 39 6.72749
37 40 7.08838
37 41 9.86482
37 42 11.7856
37 43 11.1275
37 44 11.5259
37 45 9.11553
37 48 10.814
37 49 11.6682
37 60 11.6673
37 61 11.4844
37 62 8.46514
37 63 8.78332
37 64 9.16223
37 65 11.7404
37 68 11.6966
37 74 11.9177
37 75 8.70927
37 76 10.0972
37 77 8.50897
37 78 8.83209
37 92 9.36017
37 93 11.4075
37 95 9.35595
37 96 8.87993
37 98 11.934
37 99 9.60431
37 320 10.5768
37 321 9.14859
37 323 11.5435
42
38 26 11.4008
38 27 7.82086
38 28 6.56995
38 29 4.98775
38 30 8.08217
38 31 10.2954
38 32 9.17456
38 33 10.7034
38 34 7.98967
38 35 8.92256
38 36 6.25922
38 37 3.78394
38 39 3.80477
38 40 5.73487
38 41 7.4579
38 42 9.21329
38 43 9.5691
38 44 11.1683
38 45 9.85789
38 48 10.7538
38 62 11.3871
38 63 11.3821
38 75 9.97233
38 76 9.92827
38 77 7.18953
38 78 8.02506
38 79 10.8014
38 319 11.4459
38 320 9.80931
38 321 7.25567
38 322 9.52441
38 323 8.61449
38 324 10.7346
38 331 11.9483
38 333 11.9499
38 335 9.63206
38 391 11.6481
38 392 10.2381
38 399 11.1089
38 434 10.212
38 435 8.76054
38 436 11.8857
40
39 27 9.53391
39 28 9.55449
39 29 8.71803
39 30 11.6679
39 34 10.9868
39 36 9.21213
39 37 6.72749
39 38 3.80477
39 40 3.81407
39 41 5.1723
39 42 5.6759
39 43 6.19677
39 44 8.64583
39 45 8.4379
39 46 11.793
39 47 11.1129
39 48 8.71545
39 49 11.5865
39 76 11.5833
39 77 8.1037
39 78 7.71314
39 79 9.20914
39 83 11.929
39 84 11.3814
39 320 9.87889
39 321 7.53857
39 322 8.99974
39 323 9.17689
39 331 10.1661
39 332 11.0328
39 333 9.85715
39 334 9.14185
39 335 6.48971
39 336 9.62161
39 392 10.5748
39 399 9.79093
39 434 8.59829
39 435 7.44004
39 436 9.89619
39 437 10.3041
44
40 27 11.4627
40 28 11.5332
40 29 10.0168
40 30 11.942
40 34 11.0012
40 35 11.6816
40 36 8.47367
40 37 7.08838
40 38 5.73487
40 39 3.81407
40 41 3.81384
40 42 5.29176
40 43 4.89688
40 44 6.06539
40 45 6.26142
40 46 9.89185
40 47 9.92701
40 48 8.57819
40 49 11.2361
40 75 10.2485
40 76 10.1251
40 77 6.9856
40 78 4.92116
40 79 6.28735
40 80 8.65535
40 81 10.7346
40 82 11.6522
40 83 8.638
40 84 7.66848
40 85 11.1443
40 87 10.269
40 88 11.8199
40 95 11.214
40 99 11.6196
40 321 11.0304
40 334 11.7068
40 335 9.14443
40 336 11.4938
40 399 9.3193
40 400 11.3066
40 434 11.5323
40 435 9.4828
40 436 10.9419
40 437 10.1451
36
41 34 11.3397
41 36 10.6363
41 37 9.86482
41 38 7.4579
41 39 5.1723
41 40 3.81384
41 42 3.80324
41 43 6.05499
41 44 8.23304
41 45 9.68779
41 48 11.5639
41 75 11.1691
41 76 9.71009
41 77 6.11727
41 78 4.68872
41 79 4.4872
41 80 7.94588
41 81 9.3418
41 82 11.1555
41 83 9.21194
41 84 9.25653
41 334 10.7255
41 335 9.38184
41 336 11.9839
41 396 11.3286
41 397 9.96494
41 398 9.32434
41 399 5.69427
41 400 8.04553
41 401 11.3433
41 434 9.68473
41 435 6.97775
41 436 7.51526
41 437 6.49143
41 438 10.0559
41 439 10.3863
31
42 37 11.7856
42 38 9.21329
42 39 5.6759
42 40 5.29176
42 41 3.80324
42 43 3.80694
42 44 7.16312
42 45 9.44267
42 47 10.4863
42 48 9.94585
42 77 9.8668
42 78 8.145
42 79 6.96575
42 80 9.51202
42 81 9.6482
42 82 10.3939
42 83 8.77752
42 84 10.0237
42 333 10.6349
42 334 8.05909
42 335 6.8584
42 336 8.7244
42 398 11.258
42 399 8.04624
42 400 10.6687
42 434 9.25855
42 435 7.86855
42 436 7.8993
42 437 6.36864
42 438 8.95725
42 439 9.36527
32
43 37 11.1275
43 38 9.5691
43 39 6.19677
43 40 4.89688
43 41 6.05499
43 42 3.80694
43 44 3.76657
43 45 6.16109
43 46 8.38662
43 47 6.73755
43 48 6.62316
43 49 10.1196
43 50 11.3135
43 51 10.7883
43 77 11.4256
43 78 8.91463
43 79 8.19857
43 80 9.59177
43 81 10.0161
43 82 9.5732
43 83 7.03895
43 84 8.07642
43 85 11.4623
43 334 9.81093
43 335 7.36539
43 336 8.2133
43 337 11.9985
43 399 11.3351
43 435 11.1435
43 436 11.6748
43 437 10.02
43 439 11.9507
28
44 37 11.5259
44 38 11.1683
44 39 8.64583
44 40 6.06539
44 41 8.23304
44 42 7.16312
44 43 3.76657
44 45 3.84712
44 46 5.49019
44 47 5.14631
44 48 6.35107
44 49 8.84942
44 50 9.99871
44 51 10.7905
44 78 9.26475
44 79 8.70728
44 80 8.68505
44 81 9.55514
44 82 8.34999
44 83 4.94559
44 84 5.31272
44 85 8.74853
44 86 10.0987
44 87 9.97793
44 98 11.9987
44 99 11.0043
44 335 10.7639
44 336 11.1218
35
45 27 11.3714
45 36 10.9362
45 37 9.11553
45 38 9.85789
45 39 8.4379
45 40 6.26142
45 41 9.68779
45 42 9.44267
45 43 6.16109
45 44 3.84712
45 46 3.78794
45 47 5.41644
45 48 4.98466
45 49 6.22781
45 50 8.60376
45 51 9.89506
45 52 10.6391
45 78 9.72047
45 79 10.6063
45 80 10.853
45 82 11.7905
45 83 8.07095
45 84 6.57504
45 85 10.1765
45 86 10.1272
45 87 9.29299
45 95 9.85123
45 96 10.724
45 98 9.03579
45 99 7.35469
45 100 10.9142
45 101 11.4569
45 102 9.04294
45 103 10.0131
45 335 11.548
27
46 39 11.793
46 40 9.89185
46 43 8.38662
46 44 5.49019
46 45 3.78794
46 47 3.787
46 48 5.23674
46 49 5.02699
46 50 6.04299
46 51 8.52718
46 52 9.82419
46 53 10.6039
46 83 9.16917
46 84 8.30365
46 85 11.2227
46 86 10.8128
46 87 11.1357
46 95 11.8936
46 98 9.35441
46 99 7.91422
46 100 10.7787
46 101 10.3081
46 102 7.03221
46 103 8.42276
46 104 11.6275
46 105 10.8806
46 106 9.78079
22
47 39 11.1129
47 40 9.92701
47 42 10.4863
47 43 6.73755
47 44 5.14631
47 45 5.41644
47 46 3.787
47 48 3.84796
47 49 5.6219
47 50 5.17605
47 51 6.28389
47 52 8.79132
47 53 10.0354
47 54 10.4582
47 83 9.23008
47 84 9.76976
47 99 11.2485
47 102 10.4315
47 103 11.0975
47 106 11.4598
47 335 11.0592
47 336 10.0214
33
48 27 10.1772
48 37 10.814
48 38 10.7538
48 39 8.71545
48 40 8.57819
48 41 11.5639
48 42 9.94585
48 43 6.62316
48 44 6.35107
48 45 4.98466
48 46 5.23674
48 47 3.84796
48 49 3.79895
48 50 5.43112
48 51 5.19059
48 52 6.29385
48 53 8.74094
48 54 9.81413
48 55 10.9017
48 60 11.8242
48 83 11.2502
48 84 11.0292
48 99 10.1228
48 102 10.6607
48 103 10.2033
48 106 11.8103
48 320 9.9295
48 321 10.9525
48 331 10.4367
48 335 8.9668
48 336 8.73042
48 337 11.7096
48 338 11.8197
37
49 24 11.9999
49 25 11.1128
49 27 10.0634
49 37 11.6682
49 39 11.5865
49 40 11.2361
49 43 10.1196
49 44 8.84942
49 45 6.22781
49 46 5.02699
49 47 5.6219
49 48 3.79895
49 50 3.84205
49 51 5.46025
49 52 5.13304
49 53 6.36138
49 54 8.69358
49 55 10.2181
49 56 11.1979
49 57 9.94486
49 58 10.323
49 59 10.4758
49 60 9.50439
49 98 11.2256
49 99 8.21877
49 100 10.0963
49 101 10.8332
49 102 7.77639
49 103 6.63252
49 104 10.2463
49 105 10.5353
49 106 8.34818
49 107 10.205
49 108 8.67944
49 109 11.0408
49 110 11.6754
49 320 10.7637
24
50 43 11.3135
50 44 9.99871
50 45 8.60376
50 46 6.04299
50 47 5.17605
50 48 5.43112
50 49 3.84205
50 51 3.8167
50 52 5.50308
50 53 5.15729
50 54 6.18246
50 55 8.88711
50 56 10.1434
50 57 10.2724
50 58 10.9603
50 99 11.3771
50 102 9.23925
50 103 8.53262
50 104 11.415
50 105 10.5598
50 106 7.54032
50 107 9.91003
50 108 9.67305
50 353 11.4763
26
51 25 11.9426
51 43 10.7883
51 44 10.7905
51 45 9.89506
51 46 8.52718
51 47 6.28389
51 48 5.19059
51 49 5.46025
51 50 3.8167
51 52 3.80407
51 53 5.27667
51 54 4.82612
51 55 6.31709
51 56 8.78538
51 57 9.21052
51 58 11.1938
51 103 11.3388
51 106 10.8423
51 108 11.5727
51 320 10.6648
51 330 11.1946
51 331 10.2646
51 335 10.8685
51 336 9.03413
51 337 10.6118
51 338 9.73389
35
52 23 11.6181
52 24 8.8857
52 25 8.29724
52 26 10.5289
52 27 9.90666
52 45 10.6391
52 46 9.82419
52 47 8.79132
52 48 6.29385
52 49 5.13304
52 50 5.50308
52 51 3.80407
52 53 3.80649
52 54 5.47184
52 55 5.42218
52 56 6.81558
52 57 5.90126
52 58 7.9654
52 59 9.10953
52 60 9.00291
52 103 9.89349
52 106 10.4253
52 107 10.9644
52 108 9.1478
52 109 11.6318
52 319 11.4703
52 320 8.38283
52 321 11.3888
52 330 9.72906
52 331 9.94787
52 335 11.8255
52 336 10.906
52 338 10.2871
52 343 11.3729
52 353 10.3354
32
53 23 11.2594
53 24 9.48785
53 25 10.3329
53 46 10.6039
53 47 10.0354
53 48 8.74094
53 49 6.36138
53 50 5.15729
53 51 5.27667
53 52 3.80649
53 54 3.81772
53 55 5.4865
53 56 5.26922
53 57 5.53033
53 58 6.48096
53 59 8.87652
53 60 10.1305
53 102 11.4761
53 103 9.07169
53 104 11.2644
53 105 11.3342
53 106 7.79618
53 107 8.02616
53 108 7.28033
53 109 10.5763
53 320 11.9296
53 350 11.4293
53 351 11.2951
53 352 9.44642
53 353 7.12742
53 354 9.88892
53 356 11.821
18
54 24 11.9966
54 47 10.4582
54 48 9.81413
54 49 8.69358
54 50 6.18246
54 51 4.82612
54 52 5.47184
54 53 3.81772
54 55 3.81844
54 56 5.31829
54 57 7.54571
54 58 9.52937
54 106 10.3792
54 107 11.0328
54 108 10.9639
54 338 11.3511
54 352 10.6261
54 353 9.21272
29
55 23 11.3569
55 24 10.0408
55 25 10.5047
55 48 10.9017
55 49 10.2181
55 50 8.88711
55 51 6.31709
55 52 5.42218
55 53 5.4865
55 54 3.81844
55 56 3.77428
55 57 5.88488
55 58 9.10542
55 59 11.647
55 320 11.029
55 330 9.84139
55 331 10.9058
55 337 11.8781
55 338 9.14142
55 339 11.0378
55 340 9.64864
55 343 8.37737
55 344 10.2204
55 346 10.5045
55 347 9.57924
55 350 9.48363
55 351 10.8783
55 352 10.401
55 353 10.049
28
56 22 11.3806
56 23 8.62208
56 24 8.26073
56 25 10.0572
56 49 11.1979
56 50 10.1434
56 51 8.78538
56 52 6.81558
56 53 5.26922
56 54 5.31829
56 55 3.77428
56 57 3.83807
56 58 6.35785
56 59 9.58166
56 60 11.7153
56 107 10.9688
56 108 10.0937
56 343 9.97602
56 344 11.2867
56 346 9.97137
56 347 8.63371
56 348 11.2526
56 349 10.4016
56 350 6.72794
56 351 7.29413
56 352 6.67546
56 353 6.79604
56 354 10.5017
40
57 21 10.7149
57 22 8.691
57 23 6.03518
57 24 4.60916
57 25 6.53043
57 26 10.1514
57 27 11.5872
57 49 9.94486
57 50 10.2724
57 51 9.21052
57 52 5.90126
57 53 5.53033
57 54 7.54571
57 55 5.88488
57 56 3.83807
57 58 3.80971
57 59 6.09111
57 60 8.02886
57 61 11.1247
57 103 11.5999
57 106 11.7795
57 107 10.2961
57 108 8.14608
57 109 9.89068
57 110 11.5522
57 315 10.2184
57 316 8.71672
57 317 9.57702
57 319 11.6871
57 320 10.225
57 330 11.0768
57 343 10.2921
57 346 9.76853
57 347 9.80112
57 349 10.1757
57 350 6.75301
57 351 7.53116
57 352 7.5744
57 353 7.06124
57 354 9.98443
42
58 0 11.3378
58 1 10.1122
58 20 10.2705
58 21 8.69925
58 22 6.6851
58 23 5.80939
58 24 5.09964
58 25 7.93373
58 26 11.0444
58 49 10.323
58 50 10.9603
58 51 11.1938
58 52 7.9654
58 53 6.48096
58 54 9.52937
58 55 9.10542
58 56 6.35785
58 57 3.80971
58 59 3.79467
58 60 7.06645
58 61 10.2784
58 103 9.61055
58 104 10.5679
58 106 9.9215
58 107 7.52644
58 108 5.14752
58 109 6.57956
58 110 8.99755
58 111 11.2613
58 152 11.3627
58 314 11.0755
58 315 10.267
58 316 9.24789
58 317 11.3901
58 349 11.5782
58 350 8.25996
58 351 7.34548
58 352 6.49403
58 353 4.95936
58 354 6.75245
58 355 10.1759
58 356 11.293
45
59 1 10.8708
59 20 11.1385
59 21 9.31596
59 22 6.07313
59 23 6.23177
59 24 4.28111
59 25 6.337
59 26 8.49266
59 27 10.0777
59 49 10.4758
59 52 9.10953
59 53 8.87652
59 55 11.647
59 56 9.58166
59 57 6.09111
59 58 3.79467
59 60 3.80318
59 61 6.65595
59 62 9.38378
59 100 11.1273
59 103 8.97834
59 104 10.1514
59 106 11.294
59 107 9.09437
59 108 5.53386
59 109 4.74803
59 110 5.74456
59 111 7.5833
59 112 10.8199
59 152 9.64466
59 153 9.86613
59 154 9.68497
59 155 11.4562
59 280 11.1477
59 314 10.1379
59 315 9.01409
59 316 7.33541
59 317 10.0715
59 320 11.6191
59 350 10.5191
59 351 10.1127
59 352 9.94968
59 353 8.38542
59 354 8.93126
59 355 11.9626
45
60 22 9.0416
60 23 8.84853
60 24 5.66898
60 25 5.14755
60 26 5.61695
60 27 6.58264
60 28 9.50746
60 37 11.6673
60 48 11.8242
60 49 9.50439
60 52 9.00291
60 53 10.1305
60 56 11.7153
60 57 8.02886
60 58 7.06645
60 59 3.80318
60 61 3.79931
60 62 5.85006
60 63 9.33862
60 99 10.4298
60 100 9.71908
60 103 8.84315
60 104 10.9535
60 107 11.3589
60 108 7.55108
60 109 6.3705
60 110 5.03395
60 111 6.40487
60 112 8.56232
60 113 10.0723
60 152 10.3607
60 153 9.74086
60 154 10.5182
60 155 11.4249
60 156 11.9098
60 157 11.9565
60 280 10.4033
60 281 11.4921
60 315 10.1375
60 316 7.23854
60 317 9.31748
60 318 10.4587
60 319 10.0637
60 320 9.38073
60 353 11.7138
46
61 22 10.0122
61 23 10.3252
61 24 7.5529
61 25 6.36133
61 26 4.8758
61 27 6.60683
61 28 8.16948
61 29 11.1461
61 30 11.3243
61 37 11.4844
61 57 11.1247
61 58 10.2784
61 59 6.65595
61 60 3.79931
61 62 3.79793
61 63 6.37173
61 64 9.71481
61 100 11.2243
61 103 11.8538
61 108 10.9146
61 109 8.72155
61 110 5.96296
61 111 4.84426
61 112 6.07121
61 113 6.55423
61 114 10.1647
61 115 10.2497
61 152 11.8439
61 153 9.95563
61 154 10.4024
61 155 9.97631
61 156 9.35115
61 157 8.62259
61 160 11.3567
61 198 11.239
61 278 11.3401
61 279 11.2869
61 280 7.96611
61 281 9.24545
61 314 11.7884
61 315 9.69942
61 316 6.79796
61 317 8.99144
61 318 9.48002
61 319 9.74927
61 320 10.3142
44
62 24 10.8137
62 25 8.92035
62 26 6.32947
62 27 5.83873
62 28 6.15819
62 29 8.185
62 30 7.72098
62 31 8.97987
62 32 11.9245
62 36 10.2976
62 37 8.46514
62 38 11.3871
62 59 9.38378
62 60 5.85006
62 61 3.79793
62 63 3.84133
62 64 6.52561
62 65 10.3208
62 96 9.44864
62 99 9.97415
62 100 9.67088
62 103 11.6035
62 109 10.234
62 110 6.83228
62 111 6.13169
62 112 5.10253
62 113 5.75679
62 114 8.60569
62 115 8.80024
62 116 11.9832
62 153 10.0895
62 154 11.6987
62 155 11.0451
62 156 9.81817
62 157 9.4995
62 160 11.4163
62 280 10.9962
62 281 11.6817
62 316 10.3218
62 317 11.7902
62 318 11.1984
62 319 10.8166
62 320 10.9046
62 321 11.8969
43
63 25 11.2031
63 26 7.78333
63 27 7.4021
63 28 5.5948
63 29 6.96405
63 30 6.11532
63 31 5.80684
63 32 9.0887
63 35 10.5757
63 36 9.86156
63 37 8.78332
63 38 11.3821
63 60 9.33862
63 61 6.37173
63 62 3.84133
63 64 3.81589
63 65 7.13044
63 66 10.3952
63 67 11.8983
63 68 11.0077
63 96 10.9964
63 110 10.3029
63 111 8.54417
63 112 6.1779
63 113 4.48464
63 114 5.92887
63 115 5.19829
63 116 8.20481
63 117 11.1574
63 118 11.5911
63 119 10.7642
63 122 11.3473
63 156 10.2577
63 157 8.95864
63 158 10.6572
