310
0 MET 1
1 ILE 2
2 ASN 3
3 ALA 4
4 ILE 5
5 ARG 6
6 THR 7
7 PRO 8
8 ASP 9
9 GLN 10
10 ARG 11
11 PHE 12
12 SER 13
13 ASN 14
14 LEU 15
15 ASP 16
16 GLN 17
17 TYR 18
18 PRO 19
19 PHE 20
20 SER 21
21 PRO 22
22 ASN 23
23 TYR 24
24 LEU 25
25 ASP 26
26 ASP 27
27 LEU 28
28 PRO 29
29 GLY 30
30 TYR 31
31 PRO 32
32 GLY 33
33 LEU 34
34 ARG 35
35 ALA 36
36 HIS 37
37 TYR 38
38 LEU 39
39 ASP 40
40 GLU 41
41 GLY 42
42 ASN 43
43 SER 44
44 ASP 45
45 ALA 46
46 GLU 47
47 ASP 48
48 VAL 49
49 PHE 50
50 LEU 51
51 CYS 52
52 LEU 53
53 HIS 54
54 GLY 55
55 GLU 56
56 PRO 57
57 THR 58
58 TRP 59
59 SER 60
60 TYR 61
61 LEU 62
62 TYR 63
63 ARG 64
64 LYS 65
65 MET 66
66 ILE 67
67 PRO 68
68 VAL 69
69 PHE 70
70 ALA 71
71 GLU 72
72 SER 73
73 GLY 74
74 ALA 75
75 ARG 76
76 VAL 77
77 ILE 78
78 ALA 79
79 PRO 80
80 ASP 81
81 PHE 82
82 PHE 83
83 GLY 84
84 PHE 85
85 GLY 86
86 LYS 87
87 SER 88
88 ASP 89
89 LYS 90
90 PRO 91
91 VAL 92
92 ASP 93
93 GLU 94
94 GLU 95
95 ASP 96
96 TYR 97
97 THR 98
98 PHE 99
99 GLU 100
100 PHE 101
101 HIS 102
102 ARG 103
103 ASN 104
104 PHE 105
105 LEU 106
106 LEU 107
107 ALA 108
108 LEU 109
109 ILE 110
110 GLU 111
111 ARG 112
112 LEU 113
113 ASP 114
114 LEU 115
115 ARG 116
116 ASN 117
117 ILE 118
118 THR 119
119 LEU 120
120 VAL 121
121 VAL 122
122 GLN 123
123 ASP 124
124 TRP 125
125 GLY 126
126 GLY 127
127 PHE 128
128 LEU 129
129 GLY 130
130 LEU 131
131 THR 132
132 LEU 133
133 PRO 134
134 MET 135
135 ALA 136
136 ASP 137
137 PRO 138
138 SER 139
139 ARG 140
140 PHE 141
141 LYS 142
142 ARG 143
143 LEU 144
144 ILE 145
145 ILE 146
146 MET 147
147 ASN 148
148 ALA 149
149 CYS 150
150 LEU 151
151 MET 152
152 THR 153
153 ASP 154
154 PRO 155
155 VAL 156
156 THR 157
157 GLN 158
158 PRO 159
159 ALA 160
160 PHE 161
161 SER 162
162 ALA 163
163 PHE 164
164 VAL 165
165 THR 166
166 GLN 167
167 PRO 168
168 ALA 169
169 ASP 170
170 GLY 171
171 PHE 172
172 THR 173
173 ALA 174
174 TRP 175
175 LYS 176
176 TYR 177
177 ASP 178
178 LEU 179
179 VAL 180
180 THR 181
181 PRO 182
182 SER 183
183 ASP 184
184 LEU 185
185 ARG 186
186 LEU 187
187 ASP 188
188 GLN 189
189 PHE 190
190 MET 191
191 LYS 192
192 ARG 193
193 TRP 194
194 ALA 195
195 PRO 196
196 THR 197
197 LEU 198
198 THR 199
199 GLU 200
200 ALA 201
201 GLU 202
202 ALA 203
203 SER 204
204 ALA 205
205 TYR 206
206 ALA 207
207 ALA 208
208 PRO 209
209 PHE 210
210 PRO 211
211 ASP 212
212 THR 213
213 SER 214
214 TYR 215
215 GLN 216
216 ALA 217
217 GLY 218
218 VAL 219
219 ARG 220
220 LYS 221
221 PHE 222
222 PRO 223
223 LYS 224
224 MET 225
225 VAL 226
226 ALA 227
227 GLN 228
228 ARG 229
229 ASP 230
230 GLN 231
231 ALA 232
232 CYS 233
233 ILE 234
234 ASP 235
235 ILE 236
236 SER 237
237 THR 238
238 GLU 239
239 ALA 240
240 ILE 241
241 SER 242
242 PHE 243
243 TRP 244
244 GLN 245
245 ASN 246
246 ASP 247
247 TRP 248
248 ASN 249
249 GLY 250
250 GLN 251
251 THR 252
252 PHE 253
253 MET 254
254 ALA 255
255 ILE 256
256 GLY 257
257 MET 258
258 LYS 259
259 ASP 260
260 LYS 261
261 LEU 262
262 LEU 263
263 GLY 264
264 PRO 265
265 ASP 266
266 VAL 267
267 MET 268
268 TYR 269
269 PRO 270
270 MET 271
271 LYS 272
272 ALA 273
273 LEU 274
274 ILE 275
275 ASN 276
276 GLY 277
277 CYS 278
278 PRO 279
279 GLU 280
280 PRO 281
281 LEU 282
282 GLU 283
283 ILE 284
284 ALA 285
285 ASP 286
286 ALA 287
287 GLY 288
288 HIS 289
289 PHE 290
290 VAL 291
291 GLN 292
292 GLU 293
293 PHE 294
294 GLY 295
295 GLU 296
296 GLN 297
297 VAL 298
298 ALA 299
299 ARG 300
300 GLU 301
301 ALA 302
302 LEU 303
303 LYS 304
304 HIS 305
305 PHE 306
306 ALA 307
307 GLU 308
308 THR 309
309 GLU 310
26
0 1 3.80695
0 2 6.016
0 3 8.56997
0 4 11.9571
0 5 14.4178
0 25 12.867
0 26 13.1373
0 27 12.9435
0 28 12.6509
0 29 10.1571
0 30 8.41702
0 31 6.57804
0 32 7.1346
0 33 8.7968
0 34 12.4967
0 82 14.0476
0 88 12.6861
0 89 12.5364
0 90 9.98119
0 91 11.6964
0 92 12.1549
0 93 14.821
0 94 13.7885
0 95 10.9219
0 96 13.8268
0 100 13.8995
38
1 0 3.80695
1 2 3.81245
1 3 5.98029
1 4 9.72616
1 5 12.4488
1 25 12.9327
1 26 13.9101
1 27 13.1098
1 28 13.2451
1 29 10.372
1 30 8.05638
1 31 7.79243
1 32 8.01754
1 33 7.91477
1 34 11.5224
1 35 13.4821
1 81 14.6749
1 82 11.0856
1 83 11.858
1 87 13.5802
1 88 10.3407
1 89 9.37273
1 90 6.38715
1 91 8.29279
1 92 8.67249
1 93 11.1816
1 94 10.5563
1 95 7.56949
1 96 10.3615
1 97 13.0404
1 99 14.9188
1 100 11.472
1 101 13.6284
1 104 13.7638
1 213 14.6377
1 214 13.8284
1 216 12.8182
1 217 13.0323
32
2 0 6.016
2 1 3.81245
2 3 3.84944
2 4 7.20118
2 5 10.5462
2 6 13.8915
2 25 14.4404
2 29 13.9841
2 30 11.232
2 31 10.5516
2 32 9.46336
2 33 9.21522
2 34 12.2857
2 35 14.5278
2 82 11.9746
2 83 11.6764
2 87 13.6242
2 88 9.94993
2 89 8.49222
2 90 5.70818
2 91 6.13378
2 92 7.59522
2 93 10.9373
2 94 11.2433
2 95 9.12189
2 96 11.8453
2 100 14.3297
2 213 11.7906
2 214 11.5618
2 215 13.4853
2 216 11.6397
2 217 12.8193
46
3 0 8.56997
3 1 5.98029
3 2 3.84944
3 4 3.77715
3 5 6.88488
3 6 10.1814
3 7 13.0145
3 25 12.7026
3 29 14.4481
3 30 11.0758
3 31 10.8848
3 32 8.99553
3 33 7.51101
3 34 9.71797
3 35 11.7076
3 36 14.305
3 80 14.925
3 81 13.0961
3 82 9.3098
3 83 8.73542
3 84 11.8267
3 85 13.783
3 86 12.6394
3 87 10.1363
3 88 6.40027
3 89 5.08947
3 90 3.85777
3 91 5.2451
3 92 8.17668
3 93 10.9882
3 94 12.3212
3 95 9.95255
3 96 11.564
3 100 14.1148
3 101 14.8595
3 208 13.7276
3 209 13.1439
3 210 14.296
3 211 13.9799
3 212 13.3343
3 213 9.93496
3 214 8.72454
3 215 11.0825
3 216 10.0963
3 217 10.8997
3 218 13.8975
46
4 0 11.9571
4 1 9.72616
4 2 7.20118
4 3 3.77715
4 5 3.74943
4 6 6.76801
4 7 9.40301
4 8 12.2688
4 9 14.795
4 10 13.9067
4 25 13.5515
4 30 13.832
4 31 13.5509
4 32 10.9151
4 33 9.14268
4 34 10.0039
4 35 11.8833
4 36 13.5969
4 80 14.5684
4 81 13.5953
4 82 10.1783
4 83 8.86547
4 84 11
4 85 12.1691
4 86 10.7742
4 87 9.32175
4 88 5.90417
4 89 5.15142
4 90 6.2648
4 91 6.68499
4 92 10.3813
4 93 12.9514
4 95 13.0548
4 96 14.0469
4 207 14.4543
4 208 11.0899
4 209 10.4834
4 210 11.1161
4 211 11.3848
4 212 11.6662
4 213 8.47813
4 214 6.9141
4 215 10.1975
4 216 10.56
4 217 11.6127
4 218 13.8113
50
5 0 14.4178
5 1 12.4488
5 2 10.5462
5 3 6.88488
5 4 3.74943
5 6 3.80477
5 7 6.32634
5 8 8.69471
5 9 11.5555
5 10 10.9378
5 11 12.4259
5 21 14.4612
5 23 12.7092
5 24 13.7113
5 25 12.4416
5 30 14.6369
5 31 14.4672
5 32 11.4533
5 33 9.26377
5 34 8.62384
5 35 10.2077
5 36 11.0539
5 37 14.7265
5 58 14.73
5 80 12.7952
5 81 12.8171
5 82 10.032
5 83 9.09717
5 84 9.92863
5 85 9.93392
5 86 7.80489
5 87 7.27393
5 88 4.912
5 89 6.10481
5 90 8.79307
5 91 9.90882
5 92 13.5689
5 206 14.3613
5 207 12.1756
5 208 9.00312
5 209 9.50632
5 210 10.2489
5 211 11.7512
5 212 12.905
5 213 10.4813
5 214 7.99348
5 215 11.2809
5 216 12.5216
5 217 12.8418
5 218 14.5137
50
6 2 13.8915
6 3 10.1814
6 4 6.76801
6 5 3.80477
6 7 3.82458
6 8 6.24968
6 9 8.46212
6 10 7.23711
6 11 9.07409
6 12 11.9746
6 13 14.3408
6 14 14.323
6 21 13.7291
6 23 13.7648
6 33 12.5422
6 34 11.1776
6 35 11.8191
6 36 11.4954
6 37 14.7512
6 57 14.6269
6 58 13.2908
6 80 12.6819
6 81 13.4636
6 82 11.4886
6 83 9.84714
6 84 9.38468
6 85 8.44098
6 86 6.81249
6 87 8.07769
6 88 7.30117
6 89 8.04778
6 90 11.308
6 91 11.9163
6 186 14.9901
6 203 14.8177
6 204 13.1041
6 205 12.9611
6 206 11.2214
6 207 8.65957
6 208 6.03916
6 209 6.89414
6 210 7.40498
6 211 9.87946
6 212 11.8525
6 213 10.4499
6 214 7.69087
6 215 10.7901
6 216 13.0959
6 217 13.394
6 218 14.0763
38
7 3 13.0145
7 4 9.40301
7 5 6.32634
7 6 3.82458
7 8 3.75273
7 9 5.47564
7 10 5.89782
7 11 8.16388
7 12 9.99705
7 13 12.9034
7 14 13.8308
7 21 13.8621
7 23 14.7465
7 33 14.8974
7 34 13.1374
7 35 14.15
7 36 13.3198
7 82 14.9879
7 83 13.6349
7 84 12.8556
7 85 11.1601
7 86 8.99184
7 87 10.9214
7 88 10.4095
7 89 11.6949
7 90 14.7644
7 204 13.9771
7 205 14.7829
7 206 12.8947
7 207 9.70351
7 208 8.43218
7 209 9.4006
7 210 8.60888
7 211 11.6427
7 212 14.3593
7 213 13.1164
7 214 10.9742
7 215 14.2088
37
8 4 12.2688
8 5 8.69471
8 6 6.24968
8 7 3.75273
8 9 3.78467
8 10 5.33106
8 11 5.85802
8 12 7.18085
8 13 10.5422
8 14 11.4647
8 17 14.0657
8 18 14.5437
8 19 14.2248
8 20 12.708
8 21 10.9904
8 22 13.444
8 23 13.1691
8 34 13.2901
8 35 13.7814
8 36 12.0614
8 37 14.675
8 80 14.7978
8 84 13.471
8 85 10.8457
8 86 8.28037
8 87 11.0082
8 88 11.6365
8 89 13.6739
8 204 12.9876
8 205 14.5466
8 206 13.4369
8 207 9.76641
8 208 9.17107
8 209 11.314
8 210 11.1128
8 211 14.5472
8 214 13.7694
28
9 4 14.795
9 5 11.5555
9 6 8.46212
9 7 5.47564
9 8 3.78467
9 10 3.8132
9 11 5.32647
9 12 5.19775
9 13 8.31858
9 14 10.3404
9 15 14.0694
9 17 14.2498
9 18 14.8887
9 20 14.5562
9 21 13.6386
9 85 12.9421
9 86 11.1849
9 87 14.2559
9 88 14.8951
9 203 13.6677
9 204 12.3378
9 205 14.4836
9 206 12.9747
9 207 9.3313
9 208 10.1201
9 209 11.7684
9 210 10.7061
9 211 14.3854
42
10 4 13.9067
10 5 10.9378
10 6 7.23711
10 7 5.89782
10 8 5.33106
10 9 3.8132
10 11 3.83016
10 12 5.79212
10 13 7.57051
10 14 8.66931
10 15 12.3484
10 16 14.9344
10 17 13.0445
10 18 14.6428
10 21 13.9615
10 36 14.692
10 58 14.1237
10 60 13.5913
10 84 13.0138
10 85 10.4397
10 86 9.72483
10 87 12.9423
10 88 13.7956
10 89 14.6231
10 185 14.7689
10 186 14.0078
10 187 13.6636
10 200 13.0301
10 201 13.6935
10 202 13.6312
10 203 10.249
10 204 9.05804
10 205 10.8612
10 206 9.16259
10 207 5.56001
10 208 6.84201
10 209 8.48422
10 210 7.89865
10 211 11.6902
10 212 14.7818
10 214 12.6686
10 215 14.816
47
11 5 12.4259
11 6 9.07409
11 7 8.16388
11 8 5.85802
11 9 5.32647
11 10 3.83016
11 12 3.79132
11 13 5.57889
11 14 5.71283
11 15 9.4875
11 16 11.5519
11 17 9.35556
11 18 10.8247
11 19 11.5361
11 20 11.6343
11 21 11.0903
11 22 14.4367
11 36 12.9333
11 37 14.3601
11 38 14.4124
11 57 14.2306
11 58 12.4688
11 59 12.7297
11 60 10.8524
11 61 14.3392
11 63 14.3968
11 80 13.9512
11 84 12.7807
11 85 9.43216
11 86 8.66712
11 87 12.3627
11 88 14.1974
11 186 14.8761
11 187 14.146
11 200 11.8015
11 201 12.0186
11 202 12.9299
11 203 10.0667
11 204 7.73783
11 205 10.249
11 206 9.93426
11 207 6.26289
11 208 7.66538
11 209 10.5315
11 210 11.0491
11 211 14.7416
11 214 14.8261
29
12 6 11.9746
12 7 9.99705
12 8 7.18085
12 9 5.19775
12 10 5.79212
12 11 3.79132
12 13 3.76085
12 14 6.03235
12 15 9.47589
12 16 11.6502
12 17 10.023
12 18 10.5625
12 19 12.1617
12 20 12.1115
12 21 12.4545
12 60 13.466
12 85 13.1379
12 86 12.0386
12 200 12.2947
12 201 13.4017
12 202 14.8349
12 203 11.845
12 204 10.1092
12 205 13.2562
12 206 12.8827
12 207 9.38916
12 208 11.3126
12 209 13.8107
12 210 13.6015
33
13 6 14.3408
13 7 12.9034
13 8 10.5422
13 9 8.31858
13 10 7.57051
13 11 5.57889
13 12 3.76085
13 14 3.82577
13 15 6.56842
13 16 9.47412
13 17 9.03755
13 18 10.3259
13 19 12.7469
13 20 13.7419
13 21 14.6093
13 60 12.7504
13 63 14.7776
13 85 14.1055
13 86 13.9617
13 187 14.6172
13 198 14.2567
13 199 12.518
13 200 8.91566
13 201 10.5514
13 202 12.3263
13 203 9.5837
13 204 8.39754
13 205 12.0396
13 206 12.0435
13 207 9.26083
13 208 12.1422
13 209 14.4771
13 210 14.435
42
14 6 14.323
14 7 13.8308
14 8 11.4647
14 9 10.3404
14 10 8.66931
14 11 5.71283
14 12 6.03235
14 13 3.82577
14 15 3.79401
14 16 6.45511
14 17 5.84841
14 18 8.24228
14 19 10.4191
14 20 12.2006
14 21 13.0834
14 38 14.8261
14 57 14.1068
14 58 12.738
14 59 12.296
14 60 9.09385
14 61 12.1321
14 62 13.6436
14 63 11.0492
14 64 13.696
14 85 11.8647
14 86 12.3742
14 186 14.9738
14 187 13.0641
14 197 13.5912
14 198 12.2513
14 199 11.2623
14 200 7.50832
14 201 7.82903
14 202 10.1346
14 203 8.21855
14 204 5.89189
14 205 9.56341
14 206 10.676
14 207 8.33249
14 208 10.9779
14 209 13.8184
14 210 14.7665
38
15 9 14.0694
15 10 12.3484
15 11 9.4875
15 12 9.47589
15 13 6.56842
15 14 3.79401
15 16 3.76791
15 17 5.54023
15 18 8.23134
15 19 11.027
15 20 13.6878
15 57 14.8721
15 58 13.8268
15 59 12.9603
15 60 9.30628
15 61 11.546
15 62 12.6828
15 63 9.59695
15 64 11.3371
15 65 14.6335
15 66 14.3875
15 67 14.6118
15 85 14.2175
15 187 13.5875
15 196 14.822
15 197 11.4062
15 198 9.86937
15 199 9.89841
15 200 6.23935
15 201 6.31913
15 202 9.67072
15 203 8.9912
15 204 7.17209
15 205 10.6417
15 206 12.5337
15 207 11.1136
15 208 13.8844
15 292 13.4792
40
16 10 14.9344
16 11 11.5519
16 12 11.6502
16 13 9.47412
16 14 6.45511
16 15 3.76791
16 17 3.77384
16 18 6.08304
16 19 8.85803
16 20 12.1343
16 21 14.1991
16 38 13.9229
16 40 14.5768
16 58 13.804
16 59 11.9641
16 60 8.65046
16 61 10.6733
16 62 10.6629
16 63 7.03272
16 64 8.44838
16 65 11.6297
16 66 11.1437
16 67 10.9466
16 68 13.8598
16 85 14.9053
16 197 12.5525
16 198 11.7103
16 199 12.7277
16 200 9.45712
16 201 8.45914
16 202 12.0862
16 203 12.1113
16 204 9.66381
16 205 12.5721
16 207 13.6956
16 291 13.9889
16 292 12.4497
16 293 14.4282
16 294 13.7185
16 295 13.5496
56
17 8 14.0657
17 9 14.2498
17 10 13.0445
17 11 9.35556
17 12 10.023
17 13 9.03755
17 14 5.84841
17 15 5.54023
17 16 3.77384
17 18 3.82415
17 19 5.62753
17 20 8.70478
17 21 10.464
17 22 13.817
17 36 13.9917
17 37 12.7847
17 38 10.5655
17 39 13.0428
17 40 12.1227
17 41 14.7186
17 57 13.9715
17 58 11.6535
17 59 9.50384
17 60 6.81066
17 61 9.83065
17 62 9.6966
17 63 6.5074
17 64 9.34588
17 65 11.6481
17 66 10.1891
17 67 10.7553
17 68 14.0995
17 70 14.4939
17 76 14.4361
17 77 14.5413
17 78 12.5734
17 79 14.0602
17 80 13.8888
17 85 12.1205
17 86 12.5267
17 197 14.6402
17 198 14.2606
17 199 14.7376
17 200 11.2715
17 201 9.93971
17 202 12.9939
17 203 12.4673
17 204 9.20582
17 205 11.8589
17 206 14.2667
17 207 12.2642
17 208 13.6704
17 291 14.3745
17 292 13.6879
17 294 14.6624
17 295 14.9041
40
18 8 14.5437
18 9 14.8887
18 10 14.6428
18 11 10.8247
18 12 10.5625
18 13 10.3259
18 14 8.24228
18 15 8.23134
18 16 6.08304
18 17 3.82415
18 19 3.83568
18 20 6.54935
18 21 9.43944
18 22 12.79
18 36 14.5116
18 37 13.1257
18 38 10.3787
18 39 12.0297
18 40 10.7157
18 41 12.9864
18 58 14.5601
18 59 11.9258
18 60 10.0593
18 61 13.1019
18 62 12.1851
18 63 8.95817
18 64 11.3689
18 65 13.1598
18 66 10.8384
18 67 10.5382
18 68 14.259
18 70 13.5911
18 76 14.1877
18 77 14.6538
18 78 13.5797
18 85 14.4826
18 86 13.9748
18 200 14.3841
18 201 13.5494
18 204 12.6759
46
19 8 14.2248
19 11 11.5361
19 12 12.1617
19 13 12.7469
19 14 10.4191
19 15 11.027
19 16 8.85803
19 17 5.62753
19 18 3.83568
19 20 3.77558
19 21 6.42612
19 22 9.32467
19 23 12.5848
19 36 11.4319
19 37 9.62924
19 38 6.68397
19 39 8.31369
19 40 7.61587
19 41 10.5521
19 42 13.7014
19 43 14.1915
19 51 14.078
19 58 13.0709
19 59 9.99745
19 60 9.4037
19 61 12.4595
19 62 11.0866
19 63 8.78528
19 64 11.7212
19 65 12.4759
19 66 9.44943
19 67 10.0203
19 68 13.6947
19 69 13.8495
19 70 11.8976
19 71 14.2011
19 75 13.0868
19 76 11.1618
19 77 11.1975
19 78 10.444
19 79 12.026
19 80 13.0382
19 85 12.9608
19 86 12.1045
19 87 14.728
19 204 13.7429
41
20 8 12.708
20 9 14.5562
20 11 11.6343
20 12 12.1115
20 13 13.7419
20 14 12.2006
20 15 13.6878
20 16 12.1343
20 17 8.70478
20 18 6.54935
20 19 3.77558
20 21 3.73527
20 22 6.66242
20 23 10.0004
20 24 13.6139
20 35 13.6553
20 36 10.0607
20 37 8.96175
20 38 6.79851
20 39 8.10777
20 40 8.5633
20 41 11.6335
20 42 14.0116
20 43 13.6944
20 58 14.5605
20 59 11.8246
20 60 11.9252
20 62 14.0979
20 63 12.2945
20 66 12.563
20 67 13.2541
20 70 14.1296
20 75 13.9898
20 76 12.5287
20 77 11.8735
20 78 11.5414
20 79 12.2587
20 80 13.2779
20 85 13.3154
20 86 11.3915
20 87 13.7046
48
21 5 14.4612
21 6 13.7291
21 7 13.8621
21 8 10.9904
21 9 13.6386
21 10 13.9615
21 11 11.0903
21 12 12.4545
21 13 14.6093
21 14 13.0834
21 16 14.1991
21 17 10.464
21 18 9.43944
21 19 6.42612
21 20 3.73527
21 22 3.80963
21 23 6.52872
21 24 10.2431
21 25 13.0268
21 34 11.6741
21 35 10.0435
21 36 6.58447
21 37 6.40916
21 38 5.9036
21 39 8.06066
21 40 9.98224
21 41 13.4958
21 43 14.4611
21 58 12.9932
21 59 10.7963
21 60 11.7319
21 62 14.3909
21 63 13.4362
21 66 13.9786
21 75 14.801
21 76 12.9436
21 77 11.1763
21 78 10.4162
21 79 10.0159
21 80 10.6842
21 81 14.0204
21 82 14.901
21 84 14.0579
21 85 10.9948
21 86 8.49112
21 87 10.306
21 88 13.3236
21 208 14.0965
45
22 8 13.444
22 11 14.4367
22 17 13.817
22 18 12.79
22 19 9.32467
22 20 6.66242
22 21 3.80963
22 23 3.73267
22 24 7.03338
22 25 10.2837
22 26 12.6661
22 27 13.6736
22 33 13.6306
22 34 9.96529
22 35 8.35838
22 36 5.7282
22 37 5.36633
22 38 5.98102
22 39 7.0488
22 40 10.0327
22 41 13.3872
22 42 14.7525
22 43 12.7527
22 50 14.5345
22 51 14.708
22 58 14.2939
22 59 12.1011
22 60 14.0193
22 75 13.8073
22 76 12.3536
22 77 10.0169
22 78 10.0836
22 79 9.18358
22 80 10.6202
22 81 13.4013
22 82 14.18
22 84 14.7712
22 85 12.4507
22 86 9.80408
22 87 10.2205
22 88 12.9932
22 108 12.2413
22 109 14.3496
22 111 13.1485
22 112 11.6822
48
23 5 12.7092
23 6 13.7648
23 7 14.7465
23 8 13.1691
23 19 12.5848
23 20 10.0004
23 21 6.52872
23 22 3.73267
23 24 3.78495
23 25 6.627
23 26 9.36988
23 27 10.5774
23 28 14.3188
23 30 13.2292
23 31 13.7539
23 32 12.0338
23 33 10.0298
23 34 6.42715
23 35 5.56287
23 36 4.57921
23 37 6.21523
23 38 8.58093
23 39 9.97349
23 40 13.3452
23 58 14.5924
23 59 13.2388
23 76 14.8308
23 77 11.8252
23 78 11.4722
23 79 9.34959
23 80 10.0915
23 81 11.9704
23 82 11.9063
23 83 14.5203
23 84 13.6115
23 85 12.0443
23 86 9.0392
23 87 8.2476
23 88 10.293
23 89 13.9665
23 104 13.4761
23 105 14.066
23 107 13.584
23 108 10.8437
23 109 13.6985
23 110 14.8804
23 111 11.8437
23 112 11.49
45
24 5 13.7113
24 20 13.6139
24 21 10.2431
24 22 7.03338
24 23 3.78495
24 25 3.74584
24 26 5.75579
24 27 6.90045
24 28 10.6333
24 29 12.5725
24 30 10.1947
24 31 10.7028
24 32 9.71039
24 33 8.20028
24 34 5.53962
24 35 5.34358
24 36 6.67665
24 37 8.21187
24 38 11.106
24 39 11.9541
24 77 12.9139
24 78 12.8999
24 79 10.3002
24 80 11.2004
24 81 11.974
24 82 11.5091
24 83 14.7291
24 84 14.6816
24 85 14.0367
24 86 11.3624
24 87 9.32267
24 88 10.5194
24 89 13.9901
24 103 14.7269
24 104 11.2156
24 105 12.321
24 106 13.7461
24 107 10.7038
24 108 8.66066
24 109 11.8508
24 110 12.326
24 111 9.12891
24 112 9.87171
24 113 13.4967
24 114 14.7539
43
25 0 12.867
25 1 12.9327
25 2 14.4404
25 3 12.7026
25 4 13.5515
25 5 12.4416
25 21 13.0268
25 22 10.2837
25 23 6.627
25 24 3.74584
25 26 3.7347
25 27 5.75076
25 28 9.15668
25 29 10.5729
25 30 7.81656
25 31 7.37003
25 32 6.05113
25 33 5.41484
25 34 4.1213
25 35 6.20461
25 36 8.84702
25 37 11.2844
25 38 14.4881
25 79 12.8703
25 80 12.9184
25 81 12.806
25 82 11.2297
25 83 14.2789
25 86 12.3539
25 87 9.70003
25 88 9.46021
25 89 12.7288
25 90 13.8214
25 103 14.641
25 104 11.4189
25 105 13.554
25 106 14.7831
25 107 11.4062
25 108 10.5145
25 109 14.0156
25 110 13.964
25 111 10.911
25 112 12.6474
33
26 0 13.1373
26 1 13.9101
26 22 12.6661
26 23 9.36988
26 24 5.75579
26 25 3.7347
26 27 3.80431
26 28 6.56232
26 29 8.95159
26 30 7.45223
26 31 6.73456
26 32 7.08436
26 33 7.71563
26 34 7.66194
26 35 9.17005
26 36 11.886
26 37 13.6252
26 79 14.8851
26 81 14.9924
26 82 13.629
26 87 13.0361
26 88 12.7186
26 103 14.0305
26 104 11.4568
26 105 13.606
26 106 13.8465
26 107 10.0996
26 108 10.1038
26 109 13.2337
26 110 12.2107
26 111 9.1605
26 112 11.7156
26 113 14.5193
39
27 0 12.9435
27 1 13.1098
27 22 13.6736
27 23 10.5774
27 24 6.90045
27 25 5.75076
27 26 3.80431
27 28 3.744
27 29 6.13312
27 30 5.34057
27 31 6.57576
27 32 8.29369
27 33 7.88373
27 34 8.44175
27 35 8.76452
27 36 11.8541
27 37 13.1525
27 79 13.4246
27 80 14.1304
27 81 12.9811
27 82 11.974
27 87 12.7133
27 88 12.6191
27 89 14.924
27 99 14.8715
27 100 12.3407
27 101 12.5922
27 102 13.1925
27 103 10.273
27 104 7.97719
27 105 10.2945
27 106 10.3192
27 107 6.61974
27 108 7.44605
27 109 10.6321
27 110 9.74624
27 111 7.57329
27 112 10.6163
27 113 12.9954
30
28 0 12.6509
28 1 13.2451
28 23 14.3188
28 24 10.6333
28 25 9.15668
28 26 6.56232
28 27 3.744
28 29 3.80735
28 30 5.55421
28 31 6.85112
28 32 9.88834
28 33 10.1731
28 34 11.6787
28 35 12.0979
28 82 14.0306
28 99 13.8012
28 100 11.7842
28 101 12.9381
28 102 12.9571
28 103 9.44035
28 104 8.5779
28 105 11.1371
28 106 10.1412
28 107 6.74836
28 108 9.20586
28 109 11.6989
28 110 10.0488
28 111 8.92972
28 112 12.5259
28 113 14.0113
36
29 0 10.1571
29 1 10.372
29 2 13.9841
29 3 14.4481
29 24 12.5725
29 25 10.5729
29 26 8.95159
29 27 6.13312
29 28 3.80735
29 30 3.79772
29 31 5.94586
29 32 9.44794
29 33 9.50754
29 34 11.9784
29 35 12.5316
29 81 14.3407
29 82 12.6974
29 88 14.3092
29 90 13.8187
29 95 12.6556
29 96 13.3928
29 97 13.6717
29 98 14.4176
29 99 11.3382
29 100 9.06901
29 101 11.1175
29 102 11.6397
29 103 8.28863
29 104 8.03692
29 105 11.3768
29 106 10.905
29 107 8.33535
29 108 11.0292
29 109 13.7006
29 110 12.6989
29 111 12.109
47
30 0 8.41702
30 1 8.05638
30 2 11.232
30 3 11.0758
30 4 13.832
30 5 14.6369
30 23 13.2292
30 24 10.1947
30 25 7.81656
30 26 7.45223
30 27 5.34057
30 28 5.55421
30 29 3.79772
30 31 3.79399
30 32 6.36097
30 33 5.74875
30 34 8.45373
30 35 9.42993
30 36 13.1815
30 79 14.8756
30 80 14.2723
30 81 11.9915
30 82 9.77733
30 83 12.8738
30 87 12.0052
30 88 10.6149
30 89 11.7583
30 90 10.7844
30 91 14.2966
30 92 14.8777
30 95 11.3588
30 96 12.1051
30 97 13.3535
30 98 14.5476
30 99 12.2439
30 100 9.06587
30 101 10.4762
30 102 12.0775
30 103 9.44336
30 104 7.71215
30 105 11.2974
30 106 11.9996
30 107 9.23129
30 108 10.7327
30 109 14.0678
30 110 13.779
30 111 12.454
37
31 0 6.57804
31 1 7.79243
31 2 10.5516
31 3 10.8848
31 4 13.5509
31 5 14.4672
31 23 13.7539
31 24 10.7028
31 25 7.37003
31 26 6.73456
31 27 6.57576
31 28 6.85112
31 29 5.94586
31 30 3.79399
31 32 3.77622
31 33 5.63269
31 34 8.66173
31 35 10.9568
31 36 14.607
31 81 14.9119
31 82 12.2643
31 83 14.9451
31 87 13.4208
31 88 11.4225
31 89 12.916
31 90 11.8436
31 91 14.965
31 95 13.3355
31 96 14.8317
31 100 12.5824
31 101 14.166
31 103 13.123
31 104 11.3849
31 105 14.8203
31 107 12.1476
31 108 13.4395
31 111 14.1273
33
32 0 7.1346
32 1 8.01754
32 2 9.46336
32 3 8.99553
32 4 10.9151
32 5 11.4533
32 23 12.0338
32 24 9.71039
32 25 6.05113
32 26 7.08436
32 27 8.29369
32 28 9.88834
32 29 9.44794
32 30 6.36097
32 31 3.77622
32 33 3.80232
32 34 6.48725
32 35 9.75016
32 36 13.067
32 81 14.7059
32 82 11.7613
32 83 13.9769
32 86 14.7076
32 87 11.6179
32 88 9.2796
32 89 11.3189
32 90 10.9416
32 91 13.8459
32 95 14.3421
32 100 14.6347
32 104 13.156
32 107 14.3035
32 108 14.6845
49
33 0 8.7968
33 1 7.91477
33 2 9.21522
33 3 7.51101
33 4 9.14268
33 5 9.26377
33 6 12.5422
33 7 14.8974
33 22 13.6306
33 23 10.0298
33 24 8.20028
33 25 5.41484
33 26 7.71563
33 27 7.88373
33 28 10.1731
33 29 9.50754
33 30 5.74875
33 31 5.63269
33 32 3.80232
33 34 3.77682
33 35 6.46819
33 36 9.94553
33 37 13.1321
33 79 13.655
33 80 12.2798
33 81 10.9898
33 82 8.05588
33 83 10.4491
33 84 12.4527
33 85 13.5232
33 86 11.3869
33 87 8.02631
33 88 5.93012
33 89 8.22238
33 90 8.58703
33 91 11.9622
33 92 13.9751
33 95 12.6061
33 96 13.3099
33 100 12.4437
33 101 12.7553
33 103 13.6563
33 104 10.7251
33 105 13.7637
33 107 12.7976
33 108 12.6337
33 111 14.5602
33 214 14.2026
33 217 14.0941
52
34 0 12.4967
34 1 11.5224
34 2 12.2857
34 3 9.71797
34 4 10.0039
34 5 8.62384
34 6 11.1776
34 7 13.1374
34 8 13.2901
34 21 11.6741
34 22 9.96529
34 23 6.42715
34 24 5.53962
34 25 4.1213
34 26 7.66194
34 27 8.44175
34 28 11.6787
34 29 11.9784
34 30 8.45373
34 31 8.66173
34 32 6.48725
34 33 3.77682
34 35 3.82049
34 36 6.6454
34 37 10.0084
34 38 13.451
34 58 14.9414
34 78 14.6806
34 79 11.3202
34 80 10.2765
34 81 10.1937
34 82 8.1433
34 83 10.6439
34 84 11.4468
34 85 11.4884
34 86 8.74505
34 87 5.92397
34 88 5.43292
34 89 8.95659
34 90 10.7141
34 91 14.0069
34 100 14.4013
34 101 13.7396
34 103 14.832
34 104 11.3144
34 105 13.5224
34 107 12.9361
34 108 11.6774
34 111 13.5574
34 112 14.7943
34 208 14.2311
34 214 14.5745
67
35 1 13.4821
35 2 14.5278
35 3 11.7076
35 4 11.8833
35 5 10.2077
35 6 11.8191
35 7 14.15
35 8 13.7814
35 20 13.6553
35 21 10.0435
35 22 8.35838
35 23 5.56287
35 24 5.34358
35 25 6.20461
35 26 9.17005
35 27 8.76452
35 28 12.0979
35 29 12.5316
35 30 9.42993
35 31 10.9568
35 32 9.75016
35 33 6.46819
35 34 3.82049
35 36 3.78528
35 37 6.69265
35 38 10.3775
35 39 12.6895
35 50 14.9818
35 51 14.5957
35 52 13.4552
35 53 13.8248
35 57 14.8328
35 58 11.8577
35 59 11.8023
35 60 14.6451
35 77 12.5308
35 78 10.9641
35 79 7.51589
35 80 6.77501
35 81 7.16537
35 82 6.44958
35 83 9.47823
35 84 9.39828
35 85 9.2846
35 86 7.23178
35 87 4.33715
35 88 6.13177
35 89 9.26439
35 90 11.5204
35 91 14.9803
35 96 14.6345
35 100 13.224
35 101 11.6342
35 102 13.8337
35 103 13.1046
35 104 9.30398
35 105 10.7121
35 106 13.3731
35 107 11.2438
35 108 9.25383
35 109 12.7214
35 110 14.3048
35 111 12.1419
35 112 12.7638
35 208 13.1932
35 214 14.7746
35 217 13.8803
65
36 3 14.305
36 4 13.5969
36 5 11.0539
36 6 11.4954
36 7 13.3198
36 8 12.0614
36 10 14.692
36 11 12.9333
36 17 13.9917
36 18 14.5116
36 19 11.4319
36 20 10.0607
36 21 6.58447
36 22 5.7282
36 23 4.57921
36 24 6.67665
36 25 8.84702
36 26 11.886
36 27 11.8541
36 30 13.1815
36 31 14.607
36 32 13.067
36 33 9.94553
36 34 6.6454
36 35 3.78528
36 37 3.8085
36 38 7.09148
36 39 9.91406
36 40 13.0441
36 50 13.678
36 51 12.9383
36 52 12.4931
36 53 12.7267
36 57 13.5596
36 58 10.0855
36 59 9.20075
36 60 11.7065
36 61 14.177
36 62 14.2707
36 63 14.969
36 76 13.6882
36 77 10.4394
36 78 8.6824
36 79 5.97909
36 80 5.68423
36 81 8.03587
36 82 8.56257
36 83 10.8083
36 84 9.29729
36 85 7.7275
36 86 5.45695
36 87 4.77597
36 88 8.03583
36 89 11.1516
36 90 14.1245
36 101 13.8973
36 104 11.9009
36 105 12.2731
36 107 13.498
36 108 10.6494
36 109 13.5218
36 111 13.4406
36 112 12.9776
36 207 14.5392
36 208 11.9782
69
37 5 14.7265
37 6 14.7512
37 8 14.675
37 11 14.3601
37 17 12.7847
37 18 13.1257
37 19 9.62924
37 20 8.96175
37 21 6.40916
37 22 5.36633
37 23 6.21523
37 24 8.21187
37 25 11.2844
37 26 13.6252
37 27 13.1525
37 33 13.1321
37 34 10.0084
37 35 6.69265
37 36 3.8085
37 38 3.76772
37 39 6.49301
37 40 9.62383
37 41 13.2522
37 43 13.6245
37 48 13.6448
37 49 12.671
37 50 10.3495
37 51 9.88739
37 52 10.3567
37 53 11.3468
37 54 14.4378
37 57 13.5478
37 58 9.82165
37 59 7.63573
37 60 10.5335
37 61 12.6279
37 62 11.7995
37 63 12.649
37 66 12.4503
37 75 12.5458
37 76 9.88078
37 77 6.69631
37 78 5.34036
37 79 3.85684
37 80 5.85813
37 81 8.90777
37 82 10.7901
37 83 13.1828
37 84 11.0843
37 85 9.28194
37 86 8.12611
37 87 8.06795
37 88 11.5785
37 89 14.3142
37 101 14.4831
37 104 12.2787
37 105 11.4638
37 106 14.2604
37 107 13.1853
37 108 9.71651
37 109 11.7082
37 110 14.3178
37 111 12.5457
37 112 11.1268
37 113 14.4199
37 114 13.4691
37 120 14.6144
37 125 14.1446
37 208 14.0918
64
38 11 14.4124
38 14 14.8261
38 16 13.9229
38 17 10.5655
38 18 10.3787
38 19 6.68397
38 20 6.79851
38 21 5.9036
38 22 5.98102
38 23 8.58093
38 24 11.106
38 25 14.4881
38 34 13.451
38 35 10.3775
38 36 7.09148
38 37 3.76772
38 39 3.80529
38 40 6.11926
38 41 9.86725
38 42 12.3518
38 43 11.4045
38 44 14.9447
38 48 12.132
38 49 11.1497
38 50 9.93555
38 51 9.46255
38 52 11.1394
38 53 12.2529
38 57 14.5874
38 58 10.8532
38 59 7.60483
38 60 9.72137
38 61 11.9101
38 62 10.2255
38 63 10.3327
38 64 13.4723
38 65 12.57
38 66 9.41415
38 67 11.7914
38 68 14.4971
38 69 12.9827
38 70 11.6836
38 74 13.2483
38 75 9.96466
38 76 7.3847
38 77 5.45369
38 78 4.9745
38 79 6.15581
38 80 8.52287
38 81 11.9997
38 82 14.2666
38 84 13.6105
38 85 11.1504
38 86 10.3135
38 87 11.284
38 88 14.9234
38 105 14.0985
38 108 12.2525
38 109 13.3724
38 111 14.5065
38 112 12.1923
38 114 13.6714
38 119 14.9208
38 120 14.0955
66
39 17 13.0428
39 18 12.0297
39 19 8.31369
39 20 8.10777
39 21 8.06066
39 22 7.0488
39 23 9.97349
39 24 11.9541
39 35 12.6895
39 36 9.91406
39 37 6.49301
39 38 3.80529
39 40 3.74009
39 41 7.00116
39 42 8.81884
39 43 7.60097
39 44 11.1546
39 45 11.4652
39 46 13.9394
39 47 12.5953
39 48 9.72244
39 49 9.83528
39 50 9.55467
39 51 10.3861
39 52 12.8675
39 53 14.7875
39 58 14.3326
39 59 10.8936
39 60 12.9848
39 61 14.7488
39 62 12.3082
39 63 12.365
39 64 14.8152
39 65 13.2725
39 66 9.70235
39 67 11.4633
39 68 13.8577
39 69 11.7494
39 70 9.80996
39 71 13.3161
39 72 14.6061
39 73 13.0806
39 74 10.4513
39 75 6.88172
39 76 5.57271
39 77 4.70829
39 78 6.78362
39 79 8.60566
39 80 11.7215
39 81 14.8133
39 85 14.9027
39 86 13.8818
39 87 14.4728
39 105 14.8958
39 108 12.2685
39 109 12.56
39 110 14.9907
39 111 13.435
39 112 10.4061
39 113 13.0072
39 114 11.4576
39 115 14.0612
39 117 13.4738
39 118 14.2143
39 119 14.5731
39 120 14.4757
52
40 16 14.5768
40 17 12.1227
40 18 10.7157
40 19 7.61587
40 20 8.5633
40 21 9.98224
40 22 10.0327
40 23 13.3452
40 36 13.0441
40 37 9.62383
40 38 6.11926
40 39 3.74009
40 41 3.78322
40 42 6.7531
40 43 7.28618
40 44 10.7126
40 45 10.3799
40 46 13.2696
40 47 11.8419
40 48 9.71212
40 49 9.66152
40 50 10.6835
40 51 11.2246
40 52 14.3202
40 59 11.9519
40 60 13.208
40 61 14.7535
40 62 11.7721
40 63 11.1147
40 64 12.8605
40 65 11.3555
40 66 7.55881
40 67 8.33127
40 68 10.845
40 69 9.12362
40 70 6.52321
40 71 9.77868
40 72 11.5295
40 73 10.2602
40 74 8.35502
40 75 5.58339
40 76 4.96788
40 77 6.57993
40 78 8.57062
40 79 11.3277
40 80 14.2533
40 112 13.4389
40 114 13.441
40 117 14.1317
40 118 14.242
40 120 14.7246
40 298 14.993
44
41 17 14.7186
41 18 12.9864
41 19 10.5521
41 20 11.6335
41 21 13.4958
41 22 13.3872
41 37 13.2522
41 38 9.86725
41 39 7.00116
41 40 3.78322
41 42 3.81965
41 43 6.18989
41 44 8.79746
41 45 7.9385
41 46 11.1595
41 47 10.2205
41 48 9.31577
41 49 10.0244
41 50 12.2048
41 51 13.2831
41 62 13.9943
41 63 13.2254
41 64 14.0105
41 65 12.1443
41 66 8.6593
41 67 8.17643
41 68 9.89573
41 69 8.00654
41 70 4.55742
41 71 7.14797
41 72 8.73251
41 73 6.87847
41 74 5.91144
41 75 4.50436
41 76 6.15845
41 77 9.06368
41 78 11.637
41 79 14.6704
41 112 14.9829
41 114 14.0529
41 116 14.73
41 117 14.1135
41 118 14.1837
41 298 14.68
33
42 19 13.7014
42 20 14.0116
42 22 14.7525
42 38 12.3518
42 39 8.81884
42 40 6.7531
42 41 3.81965
42 43 3.78825
42 44 5.38559
42 45 5.30304
42 46 9.01801
42 47 9.44225
42 48 9.46579
42 49 11.4891
42 50 13.796
42 66 12.2825
42 67 11.7509
42 68 12.9076
42 69 10.599
42 70 7.41423
42 71 9.1852
42 72 9.88628
42 73 6.71202
42 74 6.16059
42 75 5.15674
42 76 8.40069
42 77 10.9285
42 78 14.1586
42 112 14.2914
42 114 13.2391
42 115 13.9704
42 116 13.8227
42 117 14.1704
38
43 19 14.1915
43 20 13.6944
43 21 14.4611
43 22 12.7527
43 37 13.6245
43 38 11.4045
43 39 7.60097
43 40 7.28618
43 41 6.18989
43 42 3.78825
43 44 3.78125
43 45 5.58658
43 46 8.8601
43 47 9.67466
43 48 8.96603
43 49 11.53
43 50 12.9739
43 66 13.8772
43 67 14.2173
43 69 12.8738
43 70 10.1345
43 71 12.5995
43 72 13.0136
43 73 9.8229
43 74 8.09848
43 75 5.65062
43 76 8.53741
43 77 9.81193
43 78 13.3338
43 109 14.4417
43 111 14.5567
43 112 10.8623
43 113 11.7955
43 114 10.5964
43 115 11.9883
43 116 12.8358
43 117 13.2372
43 118 14.9104
27
44 38 14.9447
44 39 11.1546
44 40 10.7126
44 41 8.79746
44 42 5.38559
44 43 3.78125
44 45 3.81636
44 46 6.59222
44 47 8.84351
44 48 9.46932
44 49 12.7871
44 50 14.6606
44 69 14.3615
44 70 11.9678
44 71 13.8484
44 72 13.4351
44 73 9.7951
44 74 8.56502
44 75 7.4565
44 76 10.9724
44 77 12.4997
44 112 11.9965
44 113 11.7698
44 114 10.7019
44 115 11.0833
44 116 11.6943
44 117 13.1671
33
45 39 11.4652
45 40 10.3799
45 41 7.9385
45 42 5.30304
45 43 5.58658
45 44 3.81636
45 46 3.77493
45 47 5.4893
45 48 7.04598
45 49 10.2825
45 50 12.9055
45 66 14.5639
45 67 14.6997
45 68 14.68
45 69 11.4822
45 70 9.72168
45 71 11.4558
45 72 10.2853
45 73 6.79407
45 74 5.36175
45 75 5.6579
45 76 9.38575
45 77 11.7087
45 112 13.2868
45 113 12.7058
45 114 10.5353
45 115 10.013
45 116 9.42479
45 117 10.8721
45 118 12.3483
45 139 14.1574
45 140 14.7433
45 141 14.1822
37
46 39 13.9394
46 40 13.2696
46 41 11.1595
46 42 9.01801
46 43 8.8601
46 44 6.59222
46 45 3.77493
46 47 3.85804
46 48 6.71128
46 49 10.2136
46 50 12.8455
46 69 12.6977
46 70 11.9777
46 71 13.6269
46 72 11.5192
46 73 8.60891
46 74 6.90367
46 75 7.87777
46 76 10.9976
46 77 13.0139
46 112 13.7505
46 113 12.198
46 114 9.73129
46 115 7.89235
46 116 6.5413
46 117 8.97511
46 118 10.778
46 119 14.1293
46 138 13.921
46 139 11.5278
46 140 12.0966
46 141 11.2129
46 142 12.7952
46 302 14.7814
46 305 14.4257
46 306 14.1295
46 309 12.6759
53
47 39 12.5953
47 40 11.8419
47 41 10.2205
47 42 9.44225
47 43 9.67466
47 44 8.84351
47 45 5.4893
47 46 3.85804
47 48 3.77269
47 49 6.66314
47 50 9.69789
47 51 12.7252
47 66 13.4473
47 67 14.4568
47 68 13.4603
47 69 9.75994
47 70 9.94409
47 71 12.0244
47 72 9.72992
47 73 7.82065
47 74 5.04927
47 75 6.29759
47 76 8.45518
47 77 10.6861
47 78 13.9427
47 109 13.8779
47 112 13.6656
47 113 12.5482
47 114 9.23103
47 115 7.54726
47 116 5.28937
47 117 6.2789
47 118 7.21177
47 119 10.6454
47 120 12.6208
47 138 13.4041
47 139 10.6181
47 140 10.0891
47 141 9.00476
47 142 9.7012
47 143 12.148
47 144 13.501
47 249 13.4223
47 250 13.0959
47 251 14.7285
47 298 14.3942
47 301 13.8117
47 302 11.7223
47 303 14.8087
47 305 11.7481
47 306 12.1964
47 308 14.2941
47 309 11.7174
66
48 37 13.6448
48 38 12.132
48 39 9.72244
48 40 9.71212
48 41 9.31577
48 42 9.46579
48 43 8.96603
48 44 9.46932
48 45 7.04598
48 46 6.71128
48 47 3.77269
48 49 3.82482
48 50 6.18456
48 51 9.40552
48 52 12.6472
48 62 14.5483
48 65 13.4749
48 66 11.4458
48 67 13.2787
48 68 12.9431
48 69 9.19746
48 70 9.42062
48 71 12.4385
48 72 10.973
48 73 9.44616
48 74 5.7637
48 75 4.85584
48 76 5.59886
48 77 7.0902
48 78 10.3266
48 79 12.9399
48 105 14.6115
48 108 13.3919
48 109 10.9622
48 110 13.5501
48 111 14.4225
48 112 11.1363
48 113 10.756
48 114 7.17462
48 115 6.89038
48 116 5.96395
48 117 4.82679
48 118 5.96045
48 119 8.40131
48 120 10.2059
48 121 13.6392
48 129 14.5291
48 132 14.9671
48 133 14.282
48 137 14.6611
48 138 13.4294
48 139 9.99004
48 140 9.43476
48 141 9.51256
48 142 9.77293
48 143 11.2384
48 144 12.2824
48 249 14.1944
48 250 13.9874
48 251 14.8258
48 298 13.7114
48 301 14.0545
48 302 12.6937
48 305 13.4667
48 306 14.642
48 309 14.7946
82
49 37 12.671
49 38 11.1497
49 39 9.83528
49 40 9.66152
49 41 10.0244
49 42 11.4891
49 43 11.53
49 44 12.7871
49 45 10.2825
49 46 10.2136
49 47 6.66314
49 48 3.82482
49 50 3.86577
49 51 6.12002
49 52 9.61813
49 53 12.7783
49 59 12.7868
49 61 14.4588
49 62 11.1794
49 63 13.2686
49 64 13.7842
49 65 10.3311
49 66 8.93809
49 67 11.4608
49 68 10.9498
49 69 7.4692
49 70 8.85917
49 71 12.0355
49 72 10.8296
49 73 10.5722
49 74 7.07494
49 75 6.37412
49 76 4.71898
49 77 6.15724
49 78 8.21043
49 79 11.2493
49 80 14.5773
49 105 13.8695
49 108 13.7411
49 109 11.83
49 112 13.0498
49 113 13.2636
49 114 9.62392
49 115 9.71776
49 116 8.50484
49 117 5.79778
49 118 4.65186
49 119 6.03199
49 120 6.72583
49 121 10.2532
49 122 13.6782
49 125 13.2798
49 126 13.9558
49 129 12.4219
49 130 14.2389
49 132 14.1353
49 133 13.9483
49 139 11.7163
49 140 10.0856
49 141 10.0757
49 142 8.93234
49 143 9.13049
49 144 9.24586
49 145 12.2161
49 146 14.2729
49 249 13.9814
49 250 13.1494
49 251 13.0066
49 252 13.0645
49 291 14.3027
49 294 13.9885
49 295 14.506
49 297 13.4561
49 298 10.693
49 299 13.3714
49 300 14.6228
49 301 11.6163
49 302 11.0406
49 303 14.7244
49 304 14.9251
49 305 12.5885
49 306 14.4053
93
50 22 14.5345
50 35 14.9818
50 36 13.678
50 37 10.3495
50 38 9.93555
50 39 9.55467
50 40 10.6835
50 41 12.2048
50 42 13.796
50 43 12.9739
50 44 14.6606
50 45 12.9055
50 46 12.8455
50 47 9.69789
50 48 6.18456
50 49 3.86577
50 51 3.82867
50 52 6.51246
50 53 10.0376
50 54 13.3567
50 58 13.3456
50 59 10.7878
50 60 13.9379
50 61 13.2096
50 62 10.6638
50 63 13.3406
50 64 14.675
50 65 11.649
50 66 10.3074
50 67 13.5398
50 68 13.6639
50 69 10.6146
50 70 11.7734
50 72 14.5064
50 73 14.1444
50 74 10.5236
50 75 8.73411
50 76 6.11481
50 77 4.90268
50 78 5.96369
50 79 8.16521
50 80 11.4277
50 81 12.8641
50 102 14.0623
50 104 13.5809
50 105 10.1747
50 106 11.8999
50 107 13.5048
50 108 10.6222
50 109 9.19158
50 110 12.8044
50 111 13.7351
50 112 11.4223
50 113 12.1198
50 114 8.8422
50 115 9.95275
50 116 9.9046
50 117 6.46683
50 118 6.14453
50 119 5.12298
50 120 5.89463
50 121 8.42299
50 122 11.8408
50 123 14.5792
50 124 13.9756
50 125 10.2345
50 126 11.4273
50 127 14.5056
50 128 12.5475
50 129 9.38117
50 130 11.9044
50 131 13.7914
50 132 11.4526
50 133 12.173
50 136 14.747
50 137 14.5231
50 138 14.8308
50 139 11.3003
50 140 9.93882
50 141 11.1804
50 142 10.2743
50 143 9.59826
50 144 9.83894
50 145 11.8224
50 146 13.6865
50 250 14.7873
50 251 14.1776
50 252 14.4169
50 291 14.0658
50 294 14.8542
50 298 12.9006
50 301 14.1101
50 302 14.2962
93
51 19 14.078
51 22 14.708
51 35 14.5957
51 36 12.9383
51 37 9.88739
51 38 9.46255
51 39 10.3861
51 40 11.2246
51 41 13.2831
51 47 12.7252
51 48 9.40552
51 49 6.12002
51 50 3.82867
51 52 3.7995
51 53 6.67691
51 54 10.2009
51 55 13.8224
51 57 12.3144
51 58 10.1178
51 59 7.73157
51 60 10.6963
51 61 9.5131
51 62 7.29484
51 63 10.4734
51 64 11.9713
51 65 9.38488
51 66 8.75768
51 67 12.4394
51 68 12.7737
51 69 10.5861
51 70 12.1827
51 74 12.457
51 75 10.8274
51 76 7.32227
51 77 6.12158
51 78 4.69644
51 79 7.14491
51 80 9.53064
51 81 11.2653
51 84 14.3418
51 85 13.7159
51 101 14.5068
51 102 14.235
51 104 14.147
51 105 11.1583
51 106 13.7743
51 108 12.462
51 109 11.9513
51 112 14.2778
51 114 12.5071
51 115 13.7756
51 116 13.4978
51 117 9.95228
51 118 8.5143
51 119 6.51106
51 120 4.78513
51 121 6.35931
51 122 9.04762
51 123 11.787
51 124 11.6151
51 125 8.01265
51 126 9.87249
51 127 13.1633
51 128 11.8541
51 129 9.31083
51 130 12.024
51 131 14.419
51 132 12.9506
51 133 14.2774
51 139 14.8174
51 140 13.0091
51 141 13.9776
51 142 12.1956
51 143 10.4166
51 144 9.30767
51 145 10.5047
51 146 11.364
51 147 13.8806
51 148 13.48
51 251 14.7543
51 252 14.133
51 253 14.5502
51 254 14.6684
51 289 13.637
51 290 13.0275
51 291 10.608
51 292 13.8934
51 294 11.9979
51 295 13.919
51 297 13.0484
51 298 11.4638
51 301 13.6741
51 302 14.4933
85
52 35 13.4552
52 36 12.4931
52 37 10.3567
52 38 11.1394
52 39 12.8675
52 40 14.3202
52 48 12.6472
52 49 9.61813
52 50 6.51246
52 51 3.7995
52 53 3.76795
52 54 6.85994
52 55 10.5202
52 56 12.0949
52 57 9.95525
52 58 8.35622
52 59 7.4594
52 60 10.7337
52 61 9.24705
52 62 8.55644
52 63 12.0896
52 64 13.9482
52 65 11.9793
52 66 11.8481
52 69 14.2399
52 75 14.3728
52 76 10.8575
52 77 8.77061
52 78 6.26396
52 79 6.72702
52 80 7.85077
52 81 8.54332
52 82 12.361
52 83 13.9265
52 84 11.8157
52 85 12.097
52 86 14.1588
52 87 13.5659
52 98 14.4867
52 101 11.3532
52 102 11.4695
52 103 13.8956
52 104 12.067
52 105 9.49785
52 106 12.6437
52 107 14.385
52 108 12.083
52 109 12.233
52 114 14.2705
52 117 12.2318
52 118 11.0208
52 119 7.94371
52 120 6.1877
52 121 5.30765
52 122 7.10333
52 123 8.88423
52 124 8.03229
52 125 4.55032
52 126 7.33484
52 127 10.0985
52 128 8.79948
52 129 7.21355
52 130 10.3456
52 131 12.4915
52 132 11.7119
52 133 13.8894
52 140 14.3034
52 142 14.0901
52 143 11.679
52 144 10.619
52 145 10.4937
52 146 10.8485
52 147 12.379
52 148 11.3278
52 149 13.6982
52 150 14.7589
52 221 14.4408
52 288 14.5293
52 289 12.4295
52 290 12.6977
52 291 10.9338
52 292 14.1259
52 294 13.4478
52 297 14.8609
52 298 14.0978
79
53 35 13.8248
53 36 12.7267
53 37 11.3468
53 38 12.2529
53 39 14.7875
53 49 12.7783
53 50 10.0376
53 51 6.67691
53 52 3.76795
53 54 3.79141
53 55 7.17777
53 56 8.49319
53 57 6.31276
53 58 5.60219
53 59 6.19844
53 60 8.77583
53 61 6.90147
53 62 7.81051
53 63 11.2398
53 64 13.3111
53 65 12.2839
53 66 12.6983
53 76 13.3678
53 77 11.3953
53 78 8.0438
53 79 7.95451
53 80 7.30457
53 81 7.96991
53 82 11.5583
53 83 12.0723
53 84 9.54019
53 85 9.99828
53 86 12.8572
53 87 12.7338
53 98 14.49
53 101 11.8165
53 102 12.895
53 104 13.6359
53 105 11.8949
53 108 14.679
53 118 14.4089
53 119 11.3272
53 120 8.79181
53 121 6.87404
53 122 6.53098
53 123 7.27489
53 124 6.76978
53 125 4.77576
53 126 8.20481
53 127 10.4073
53 128 9.97128
53 129 9.63283
53 130 12.4864
53 131 14.6634
53 132 14.5991
53 143 14.4495
53 144 12.6685
53 145 11.7608
53 146 10.8574
53 147 11.5262
53 148 10.927
53 149 13.7854
53 190 14.2327
53 194 14.912
53 204 14.3657
53 205 12.1845
53 208 14.2073
53 217 13.1988
53 218 12.4594
53 221 12.1574
53 222 14.2169
53 262 14.6787
53 288 12.0428
53 289 9.80073
53 290 11.0639
53 291 9.48708
53 292 12.0799
53 293 14.6149
53 294 12.8221
87
54 37 14.4378
54 50 13.3567
54 51 10.2009
54 52 6.85994
54 53 3.79141
54 55 3.80722
54 56 6.07473
54 57 5.71301
54 58 7.10133
54 59 9.21974
54 60 11.0898
54 61 8.90037
54 62 10.8021
54 63 14.0876
54 78 11.7299
54 79 11.0187
54 80 9.43333
54 81 8.80385
54 82 11.7695
54 83 11.421
54 84 9.52214
54 85 11.069
54 86 14.382
54 87 13.9795
54 96 14.04
