8
0 ASP 0
1 HIS 1
2 GLU 2
3 HIS 3
4 ASP 4
5 GLU 5
6 HIS 6
7 HIS 7
5
0 1 7.55217
0 2 9.83095
0 3 8.48425
0 4 6.55867
0 5 10.3394
2
1 0 7.55217
1 2 9.39684
5
2 0 9.83095
2 1 9.39684
2 3 8.69507
2 4 11.5792
2 5 3.80835
5
3 0 8.48425
3 2 8.69507
3 4 7.3311
3 5 6.02851
3 6 10.5788
6
4 0 6.55867
4 2 11.5792
4 3 7.3311
4 5 10.1786
4 6 9.64334
4 7 7.67271
5
5 0 10.3394
5 2 3.80835
5 3 6.02851
5 4 10.1786
5 6 10.7124
4
6 3 10.5788
6 4 9.64334
6 5 10.7124
6 7 7.07522
2
7 4 7.67271
7 6 7.07522
