362
0 MET 1
1 ILE 2
2 SER 3
3 VAL 4
4 THR 5
5 ASP 6
6 LEU 7
7 ARG 8
8 PRO 9
9 GLY 10
10 THR 11
11 LYS 12
12 VAL 13
13 LYS 14
14 MET 15
15 ASP 16
16 GLY 17
17 GLY 18
18 LEU 19
19 TRP 20
20 GLU 21
21 CYS 22
22 VAL 23
23 GLU 24
24 TYR 25
25 GLN 26
26 HIS 27
27 GLN 28
28 LYS 29
29 LEU 30
30 GLY 31
31 ARG 32
32 GLY 33
33 GLY 34
34 ALA 35
35 LYS 36
36 VAL 37
37 VAL 38
38 ALA 39
39 LYS 40
40 PHE 41
41 LYS 42
42 ASN 43
43 LEU 44
44 GLU 45
45 THR 46
46 GLY 47
47 ALA 48
48 THR 49
49 VAL 50
50 GLU 51
51 ARG 52
52 THR 53
53 PHE 54
54 ASN 55
55 SER 56
56 GLY 57
57 GLU 58
58 LYS 59
59 LEU 60
60 GLU 61
61 ASP 62
62 ILE 63
63 TYR 64
64 VAL 65
65 GLU 66
66 THR 67
67 ARG 68
68 GLU 69
69 LEU 70
70 GLN 71
71 TYR 72
72 LEU 73
73 TYR 74
74 PRO 75
75 GLU 76
76 GLY 77
77 GLU 78
78 GLU 79
79 MET 80
80 VAL 81
81 PHE 82
82 MET 83
83 ASP 84
84 LEU 85
85 GLU 86
86 THR 87
87 TYR 88
88 GLU 89
89 GLN 90
90 PHE 91
91 ALA 92
92 VAL 93
93 PRO 94
94 ARG 95
95 SER 96
96 ARG 97
97 VAL 98
98 VAL 99
99 GLY 100
100 ALA 101
101 GLU 102
102 PHE 103
103 PHE 104
104 LYS 105
105 GLU 106
106 GLY 107
107 MET 108
108 THR 109
109 ALA 110
110 LEU 111
111 GLY 112
112 ASP 113
113 MET 114
114 TYR 115
115 GLU 116
116 GLY 117
117 GLN 118
118 PRO 119
119 ILE 120
120 LYS 121
121 VAL 122
122 THR 123
123 PRO 124
124 PRO 125
125 THR 126
126 VAL 127
127 VAL 128
128 GLU 129
129 LEU 130
130 LYS 131
131 VAL 132
132 VAL 133
133 ASP 134
134 THR 135
135 PRO 136
136 PRO 137
137 GLY 138
138 VAL 139
139 ARG 140
140 GLY 141
141 ASP 142
142 THR 143
143 VAL 144
144 SER 145
145 GLY 146
146 GLY 147
147 SER 148
148 LYS 149
149 PRO 150
150 ALA 151
151 THR 152
152 LEU 153
153 GLU 154
154 THR 155
155 GLY 156
156 ALA 157
157 VAL 158
158 VAL 159
159 GLN 160
160 VAL 161
161 PRO 162
162 LEU 163
163 PHE 164
164 VAL 165
165 GLU 166
166 PRO 167
167 GLY 168
168 GLU 169
169 VAL 170
170 ILE 171
171 LYS 172
172 VAL 173
173 ASP 174
174 THR 175
175 ARG 176
176 THR 177
177 GLY 178
178 GLU 179
179 TYR 180
180 VAL 181
181 GLY 182
182 ARG 183
183 ALA 184
184 MET 201
185 ILE 202
186 SER 203
187 VAL 204
188 THR 205
189 ASP 206
190 LEU 207
191 ARG 208
192 PRO 209
193 GLY 210
194 THR 211
195 LYS 212
196 VAL 213
197 LYS 214
198 MET 215
199 ASP 216
200 GLY 217
201 GLY 218
202 LEU 219
203 TRP 220
204 GLU 221
205 CYS 222
206 VAL 223
207 GLU 224
208 TYR 225
209 GLN 226
210 HIS 227
211 GLN 228
212 LYS 229
213 LEU 230
214 GLY 231
215 ARG 232
216 GLY 233
217 GLY 234
218 ALA 235
219 LYS 236
220 VAL 237
221 VAL 238
222 ALA 239
223 LYS 240
224 PHE 241
225 LYS 242
226 ASN 243
227 LEU 244
228 GLU 245
229 THR 246
230 GLY 247
231 ALA 248
232 THR 249
233 VAL 250
234 GLU 251
235 ARG 252
236 THR 253
237 PHE 254
238 ASN 255
239 SER 256
240 GLY 257
241 GLU 258
242 LYS 259
243 LEU 260
244 GLU 261
245 ASP 262
246 ILE 263
247 TYR 264
248 VAL 265
249 GLU 266
250 THR 267
251 ARG 268
252 GLU 269
253 LEU 270
254 GLN 271
255 TYR 272
256 LEU 273
257 TYR 274
258 PRO 275
259 GLU 276
260 GLY 277
261 GLU 278
262 GLU 279
263 MET 280
264 VAL 281
265 PHE 282
266 MET 283
267 ASP 284
268 LEU 285
269 GLU 286
270 THR 287
271 TYR 288
272 GLU 289
273 GLN 290
274 PHE 291
275 ALA 292
276 VAL 293
277 PRO 294
278 ARG 295
279 SER 296
280 ARG 297
281 VAL 298
282 VAL 299
283 GLY 300
284 ALA 301
285 GLU 302
286 PHE 303
287 PHE 304
288 LYS 305
289 GLU 306
290 GLY 307
291 MET 308
292 THR 309
293 ALA 310
294 LEU 311
295 GLY 312
296 ASP 313
297 MET 314
298 TYR 315
299 GLU 316
300 GLY 317
301 GLN 318
302 PRO 319
303 ILE 320
304 LYS 321
305 VAL 322
306 THR 323
307 PRO 324
308 PRO 325
309 THR 326
310 VAL 327
311 VAL 328
312 GLU 329
313 LEU 330
314 LYS 331
315 VAL 332
316 VAL 333
317 ASP 334
318 THR 335
319 PRO 336
320 PRO 337
321 GLY 338
322 SER 345
323 GLY 346
324 GLY 347
325 SER 348
326 LYS 349
327 PRO 350
328 ALA 351
329 THR 352
330 LEU 353
331 GLU 354
332 THR 355
333 GLY 356
334 ALA 357
335 VAL 358
336 VAL 359
337 GLN 360
338 VAL 361
339 PRO 362
340 LEU 363
341 PHE 364
342 VAL 365
343 GLU 366
344 PRO 367
345 GLY 368
346 GLU 369
347 VAL 370
348 ILE 371
349 LYS 372
350 VAL 373
351 ASP 374
352 THR 375
353 ARG 376
354 THR 377
355 GLY 378
356 GLU 379
357 TYR 380
358 VAL 381
359 GLY 382
360 ARG 383
361 ALA 384
5
0 1 3.80107
0 58 6.29137
0 59 5.5123
0 60 4.59507
0 61 5.44364
8
1 0 3.80107
1 2 3.79557
1 3 6.39937
1 5 6.68749
1 58 5.36459
1 59 5.46941
1 60 6.49933
1 61 6.17835
8
2 1 3.79557
2 3 3.79772
2 4 5.27937
2 5 5.37339
2 56 6.67994
2 57 6.01089
2 58 4.41126
2 59 6.44515
11
3 1 6.39937
3 2 3.79772
3 4 3.80273
3 5 5.27869
3 6 5.37625
3 36 6.79511
3 55 6.25894
3 56 6.97513
3 57 5.7954
3 58 5.36093
3 59 6.45586
7
4 2 5.27937
4 3 3.80273
4 5 3.80021
4 6 5.46731
4 26 6.82115
4 36 6.72777
4 55 6.05944
6
5 1 6.68749
5 2 5.37339
5 3 5.27869
5 4 3.80021
5 6 3.80053
5 7 6.45478
7
6 3 5.37625
6 4 5.46731
6 5 3.80053
6 7 3.7933
6 8 6.99829
6 10 6.0723
6 24 6.83414
7
7 5 6.45478
7 6 3.7933
7 8 3.79729
7 9 6.00021
7 10 5.65833
7 21 6.34901
7 24 5.82465
11
8 6 6.99829
8 7 3.79729
8 9 3.79306
8 10 5.73761
8 21 4.81861
8 22 4.39214
8 23 5.57984
8 24 6.58032
8 213 6.57907
8 214 5.51663
8 215 6.99242
7
9 7 6.00021
9 8 3.79306
9 10 3.79602
9 11 6.29849
9 20 5.70931
9 21 5.36216
9 22 6.22105
8
10 6 6.0723
10 7 5.65833
10 8 5.73761
10 9 3.79602
10 11 3.79858
10 12 6.62478
10 20 5.5106
10 21 5.29605
8
11 9 6.29849
11 10 3.79858
11 12 3.80353
11 19 5.54473
11 20 4.37134
11 21 6.37935
11 61 5.94363
11 62 5.64339
11
12 10 6.62478
12 11 3.80353
12 13 3.79678
12 14 6.39312
12 18 5.9978
12 19 5.26961
12 20 6.30513
12 59 6.76828
12 60 5.51006
12 61 4.25577
12 62 5.0885
10
13 12 3.79678
13 14 3.8143
13 15 6.92771
13 16 6.41422
13 17 5.48039
13 18 4.5931
13 19 6.01489
13 60 5.50854
13 61 6.33945
13 62 6.40988
6
14 12 6.39312
14 13 3.8143
14 15 3.80372
14 16 5.38611
14 17 5.19255
14 18 6.45742
4
15 13 6.92771
15 14 3.80372
15 16 3.79581
15 17 5.47247
5
16 13 6.41422
16 14 5.38611
16 15 3.79581
16 17 3.79203
16 18 6.96328
6
17 13 5.48039
17 14 5.19255
17 15 5.47247
17 16 3.79203
17 18 3.7979
17 19 6.38024
8
18 12 5.9978
18 13 4.5931
18 14 6.45742
18 16 6.96328
18 17 3.7979
18 19 3.8093
18 42 5.98661
18 43 5.64641
11
19 11 5.54473
19 12 5.26961
19 13 6.01489
19 17 6.38024
19 18 3.8093
19 20 3.78436
19 21 6.62912
19 40 5.9486
19 41 5.62665
19 42 4.44412
19 43 5.29781
11
20 9 5.70931
20 10 5.5106
20 11 4.37134
20 12 6.30513
20 19 3.78436
20 21 3.79015
20 22 6.26867
20 40 5.23148
20 41 5.35783
20 42 6.28896
20 43 6.58526
13
21 7 6.34901
21 8 4.81861
21 9 5.36216
21 10 5.29605
21 11 6.37935
21 19 6.62912
21 20 3.79015
21 22 3.8054
21 23 5.90337
21 38 6.82888
21 39 5.82571
21 40 4.24039
21 41 6.48464
11
22 8 4.39214
22 9 6.22105
22 20 6.26867
22 21 3.8054
22 23 3.82341
22 24 6.95261
22 39 5.58743
22 40 5.28209
22 41 6.61878
22 213 6.49293
22 214 5.57502
11
23 8 5.57984
23 21 5.90337
23 22 3.82341
23 24 3.81657
23 25 6.99539
23 38 5.30712
23 39 4.86968
23 40 6.965
23 212 6.20983
23 213 4.59786
23 214 6.17065
13
24 6 6.83414
24 7 5.82465
24 8 6.58032
24 22 6.95261
24 23 3.81657
24 25 3.80931
24 26 6.81583
24 37 6.12801
24 38 4.58108
24 39 6.72637
24 211 5.59767
24 212 5.3105
24 213 6.23903
11
25 23 6.99539
25 24 3.80931
25 26 3.80392
25 27 6.3826
25 36 5.56141
25 37 5.12346
25 38 6.17188
25 209 6.84675
25 210 5.6539
25 211 4.36765
25 212 6.61817
10
26 4 6.82115
26 24 6.81583
26 25 3.80392
26 27 3.80769
26 35 5.86812
26 36 4.47383
26 37 6.51968
26 209 5.64679
26 210 5.04027
26 211 6.3616
10
27 25 6.3826
27 26 3.80769
27 28 3.79206
27 29 6.73143
27 34 5.51973
27 35 5.37767
27 36 6.33734
27 208 5.53287
27 209 4.38392
27 210 6.3949
11
28 27 3.79206
28 29 3.80274
28 30 6.49572
28 32 6.42467
28 33 6.2778
28 34 4.25382
28 35 6.40033
28 191 6.85862
28 207 6.11326
28 208 5.26554
28 209 6.65626
9
29 27 6.73143
29 28 3.80274
29 30 3.79217
29 31 6.39914
29 32 5.58145
29 192 6.67705
29 206 6.51605
29 207 4.68237
29 208 6.36174
7
30 28 6.49572
30 29 3.79217
30 31 3.79364
30 32 5.38596
30 192 5.24278
30 206 5.27861
30 207 5.99005
5
31 29 6.39914
31 30 3.79364
31 32 3.79116
31 33 6.55762
31 192 6.97288
6
32 28 6.42467
32 29 5.58145
32 30 5.38596
32 31 3.79116
32 33 3.78806
32 34 6.42401
5
33 28 6.2778
33 31 6.55762
33 32 3.78806
33 34 3.79561
33 35 6.50838
7
34 27 5.51973
34 28 4.25382
34 32 6.42401
34 33 3.79561
34 35 3.81048
34 54 6.1734
34 55 5.32919
11
35 26 5.86812
35 27 5.37767
35 28 6.40033
35 33 6.50838
35 34 3.81048
35 36 3.78082
35 37 6.53867
35 52 6.73272
35 53 5.63011
35 54 4.5764
35 55 4.95777
12
36 3 6.79511
36 4 6.72777
36 25 5.56141
36 26 4.47383
36 27 6.33734
36 35 3.78082
36 37 3.78717
36 38 6.33898
36 52 5.61364
36 53 5.11575
36 54 6.18541
36 55 5.77374
9
37 24 6.12801
37 25 5.12346
37 26 6.51968
37 35 6.53867
37 36 3.78717
37 38 3.77958
37 51 5.78741
37 52 4.458
37 53 6.45666
11
38 21 6.82888
38 23 5.30712
38 24 4.58108
38 25 6.17188
38 36 6.33898
38 37 3.77958
38 39 3.77934
38 40 6.62128
38 50 5.6187
38 51 5.63607
38 52 6.59815
9
39 21 5.82571
39 22 5.58743
39 23 4.86968
39 24 6.72637
39 38 3.77934
39 40 3.79896
39 49 5.72697
39 50 4.21888
39 51 6.53671
12
40 19 5.9486
40 20 5.23148
40 21 4.24039
40 22 5.28209
40 23 6.965
40 38 6.62128
40 39 3.79896
40 41 3.79393
40 42 6.57991
40 48 5.48064
40 49 5.37396
40 50 6.26122
10
41 19 5.62665
41 20 5.35783
41 21 6.48464
41 22 6.61878
41 40 3.79393
41 42 3.79648
41 43 6.53426
41 47 6.11505
41 48 4.35436
41 49 6.67469
11
42 18 5.98661
42 19 4.44412
42 20 6.28896
42 40 6.57991
42 41 3.79648
42 43 3.80479
42 44 5.5149
42 45 5.44858
42 46 6.01819
42 47 5.43929
42 48 5.92544
7
43 18 5.64641
43 19 5.29781
43 20 6.58526
43 41 6.53426
43 42 3.80479
43 44 3.80549
43 45 6.16831
6
44 42 5.5149
44 43 3.80549
44 45 3.80802
44 46 6.93912
44 119 6.25818
44 120 6.11748
5
45 42 5.44858
45 43 6.16831
45 44 3.80802
45 46 3.78897
45 47 5.50574
5
46 42 6.01819
46 44 6.93912
46 45 3.78897
46 47 3.79043
46 48 6.73387
6
47 41 6.11505
47 42 5.43929
47 45 5.50574
47 46 3.79043
47 48 3.79393
47 49 6.84232
6
48 40 5.48064
48 41 4.35436
48 42 5.92544
48 46 6.73387
48 47 3.79393
48 49 3.77842
7
49 39 5.72697
49 40 5.37396
49 41 6.67469
49 47 6.84232
49 48 3.77842
49 50 3.78064
49 51 6.55917
5
50 38 5.6187
50 39 4.21888
50 40 6.26122
50 49 3.78064
50 51 3.78544
7
51 37 5.78741
51 38 5.63607
51 39 6.53671
51 49 6.55917
51 50 3.78544
51 52 3.78332
51 53 6.51404
6
52 35 6.73272
52 36 5.61364
52 37 4.458
52 38 6.59815
52 51 3.78332
52 53 3.80121
8
53 35 5.63011
53 36 5.11575
53 37 6.45666
53 51 6.51404
53 52 3.80121
53 54 3.78327
53 55 6.13196
53 57 6.38769
7
54 34 6.1734
54 35 4.5764
54 36 6.18541
54 53 3.78327
54 55 3.81937
54 56 5.46006
54 57 5.72785
9
55 3 6.25894
55 4 6.05944
55 34 5.32919
55 35 4.95777
55 36 5.77374
55 53 6.13196
55 54 3.81937
55 56 3.80049
55 57 5.71268
6
56 2 6.67994
56 3 6.97513
56 54 5.46006
56 55 3.80049
56 57 3.80796
56 58 6.73682
7
57 2 6.01089
57 3 5.7954
57 53 6.38769
57 54 5.72785
57 55 5.71268
57 56 3.80796
57 58 3.79383
7
58 0 6.29137
58 1 5.36459
58 2 4.41126
58 3 5.36093
58 56 6.73682
58 57 3.79383
58 59 3.79938
8
59 0 5.5123
59 1 5.46941
59 2 6.44515
59 3 6.45586
59 12 6.76828
59 58 3.79938
59 60 3.79486
59 61 6.04567
7
60 0 4.59507
60 1 6.49933
60 12 5.51006
60 13 5.50854
60 59 3.79486
60 61 3.80002
60 62 6.45308
8
61 0 5.44364
61 1 6.17835
61 11 5.94363
61 12 4.25577
61 13 6.33945
61 59 6.04567
61 60 3.80002
61 62 3.8001
7
62 11 5.64339
62 12 5.0885
62 13 6.40988
62 60 6.45308
62 61 3.8001
62 63 3.78362
62 64 6.49178
4
63 62 3.78362
63 64 3.79455
63 65 6.63858
63 114 6.70282
7
64 62 6.49178
64 63 3.79455
64 65 3.78542
64 66 6.7729
64 112 6.30999
64 113 5.33034
64 114 5.05592
7
65 63 6.63858
65 64 3.78542
65 66 3.78709
65 67 6.41629
65 112 5.71427
65 113 5.04841
65 114 6.94583
8
66 64 6.7729
66 65 3.78709
66 67 3.80048
66 68 6.99956
66 110 6.25915
66 111 5.41201
66 112 4.60149
66 113 6.02751
7
67 65 6.41629
67 66 3.80048
67 68 3.78942
67 69 6.34499
67 110 5.65726
67 111 5.35832
67 112 6.73767
9
68 66 6.99956
68 67 3.78942
68 69 3.80258
68 70 6.77049
68 83 6.17592
68 84 5.91379
68 109 5.78952
68 110 4.79454
68 111 6.23384
12
69 67 6.34499
69 68 3.80258
69 70 3.78757
69 71 6.49253
69 81 5.81515
69 82 5.43265
69 83 4.59595
69 84 5.81963
69 108 6.78253
69 109 5.32132
69 110 5.93304
69 111 6.29006
12
70 68 6.77049
70 69 3.78757
70 71 3.80668
70 72 6.25209
70 81 5.28156
70 82 5.17445
70 83 6.50472
70 84 6.764
70 106 5.90377
70 107 5.61527
70 108 4.80395
70 109 6.26311
11
71 69 6.49253
71 70 3.80668
71 72 3.80745
71 73 6.18467
71 80 6.17217
71 81 4.48758
71 82 6.62197
71 105 5.52576
71 106 5.2737
71 107 5.0278
71 108 6.05203
9
72 70 6.25209
72 71 3.80745
72 73 3.80593
72 80 5.61302
72 81 5.38404
72 82 6.8913
72 105 5.38223
72 106 5.77278
72 107 6.95892
7
73 71 6.18467
73 72 3.80593
73 74 3.82758
73 75 6.74444
73 79 6.11143
73 80 5.52881
73 105 6.00177
6
74 73 3.82758
74 75 3.80196
74 76 6.40232
74 78 5.99093
74 79 4.47588
74 80 5.98503
7
75 73 6.74444
75 74 3.80196
75 76 3.78021
75 77 6.15942
75 78 5.14216
75 79 5.87258
75 80 6.94997
4
76 74 6.40232
76 75 3.78021
76 77 3.79906
76 78 5.39739
5
77 75 6.15942
77 76 3.79906
77 78 3.79822
77 93 5.9864
77 94 5.9289
10
78 74 5.99093
78 75 5.14216
78 76 5.39739
78 77 3.79822
78 79 3.79621
78 80 6.56502
78 91 5.92634
78 92 5.15767
78 93 4.18377
78 94 5.17043
10
79 73 6.11143
79 74 4.47588
79 75 5.87258
79 78 3.79621
79 80 3.78775
79 81 6.49577
79 91 5.55233
79 92 5.06361
79 93 6.18987
79 94 6.05188
12
80 71 6.17217
80 72 5.61302
80 73 5.52881
80 74 5.98503
80 75 6.94997
80 78 6.56502
80 79 3.78775
80 81 3.81049
80 89 6.96165
80 90 5.59641
80 91 4.35997
80 92 6.06205
11
81 69 5.81515
81 70 5.28156
81 71 4.48758
81 72 5.38404
81 79 6.49577
81 80 3.81049
81 82 3.79752
81 83 6.57531
81 89 5.72169
81 90 5.22315
81 91 6.41587
11
82 69 5.43265
82 70 5.17445
82 71 6.62197
82 72 6.8913
82 81 3.79752
82 83 3.8039
82 84 6.04793
82 87 5.82876
82 88 5.63929
82 89 4.60097
82 90 6.39361
11
83 68 6.17592
83 69 4.59595
83 70 6.50472
83 81 6.57531
83 82 3.8039
83 84 3.81525
83 85 5.5627
83 86 5.61887
83 87 4.70608
83 88 4.58507
83 89 6.30459
9
84 68 5.91379
84 69 5.81963
84 70 6.764
84 82 6.04793
84 83 3.81525
84 85 3.81621
84 86 6.07183
84 87 5.55078
84 88 6.8981
5
85 83 5.5627
85 84 3.81621
85 86 3.82713
85 87 5.75937
85 88 6.99771
5
86 83 5.61887
86 84 6.07183
86 85 3.82713
86 87 3.80204
86 88 4.30955
7
87 82 5.82876
87 83 4.70608
87 84 5.55078
87 85 5.75937
87 86 3.80204
87 88 2.41483
87 89 6.34818
7
88 82 5.63929
88 83 4.58507
88 84 6.8981
88 85 6.99771
88 86 4.30955
88 87 2.41483
88 89 4.69923
8
89 80 6.96165
89 81 5.72169
89 82 4.60097
89 83 6.30459
89 87 6.34818
89 88 4.69923
89 90 3.81946
89 91 6.89136
6
90 80 5.59641
90 81 5.22315
90 82 6.39361
90 89 3.81946
90 91 3.80064
90 92 5.98318
8
91 78 5.92634
91 79 5.55233
91 80 4.35997
91 81 6.41587
91 89 6.89136
91 90 3.80064
91 92 3.80698
91 93 6.75981
8
92 78 5.15767
92 79 5.06361
92 80 6.06205
92 90 5.98318
92 91 3.80698
92 93 3.8251
92 94 6.2343
92 96 6.90082
8
93 77 5.9864
93 78 4.18377
93 79 6.18987
93 91 6.75981
93 92 3.8251
93 94 3.83091
93 95 5.35704
93 96 5.66641
9
94 77 5.9289
94 78 5.17043
94 79 6.05188
94 92 6.2343
94 93 3.83091
94 95 3.80094
94 96 5.36543
94 97 5.184
94 100 6.27154
4
95 93 5.35704
95 94 3.80094
95 96 3.82104
95 97 5.43939
9
96 92 6.90082
96 93 5.66641
96 94 5.36543
96 95 3.82104
96 97 3.80125
96 98 6.60492
96 119 6.47643
96 120 4.84524
96 121 6.24159
9
97 94 5.184
97 95 5.43939
97 96 3.80125
97 98 3.81194
97 99 6.31875
97 100 5.34157
97 120 5.87903
97 121 4.70962
97 122 6.16078
7
98 96 6.60492
98 97 3.81194
98 99 3.81554
98 100 5.45182
98 121 6.21665
98 122 5.16656
98 123 6.79952
8
99 97 6.31875
99 98 3.81554
99 100 3.79524
99 101 4.40225
99 102 5.59573
99 174 4.9635
99 175 6.20466
99 177 6.86073
7
100 94 6.27154
100 97 5.34157
100 98 5.45182
100 99 3.79524
100 101 2.4376
100 102 5.39946
100 103 5.58638
4
101 99 4.40225
101 100 2.4376
101 102 4.18212
101 103 5.62684
8
102 99 5.59573
102 100 5.39946
102 101 4.18212
102 103 3.79476
102 104 6.37899
102 154 6.1653
102 156 6.67989
102 174 6.71923
7
103 100 5.58638
103 101 5.62684
103 102 3.79476
103 104 3.79431
103 105 6.39373
103 107 6.68636
103 154 6.74529
6
104 102 6.37899
104 103 3.79431
104 105 3.79835
104 106 6.11671
104 107 5.13285
104 154 6.03117
7
105 71 5.52576
105 72 5.38223
105 73 6.00177
105 103 6.39373
105 104 3.79835
105 106 3.79526
105 107 4.36936
7
106 70 5.90377
106 71 5.2737
106 72 5.77278
106 104 6.11671
106 105 3.79526
106 107 2.43558
106 108 5.52027
8
107 70 5.61527
107 71 5.0278
107 72 6.95892
107 103 6.68636
107 104 5.13285
107 105 4.36936
107 106 2.43558
107 108 3.60394
6
108 69 6.78253
108 70 4.80395
108 71 6.05203
108 106 5.52027
108 107 3.60394
108 109 4.81991
10
109 68 5.78952
109 69 5.32132
109 70 6.26311
109 108 4.81991
109 110 3.79227
109 111 6.50637
109 121 6.43998
109 122 5.52513
109 123 4.32071
109 124 6.6947
10
110 66 6.25915
110 67 5.65726
110 68 4.79454
110 69 5.93304
110 109 3.79227
110 111 3.77403
110 112 6.69046
110 121 5.55697
110 122 5.1928
110 123 6.23006
12
111 66 5.41201
111 67 5.35832
111 68 6.23384
111 69 6.29006
111 109 6.50637
111 110 3.77403
111 112 3.78578
111 113 6.0907
111 118 5.74439
111 120 5.71381
111 121 4.29887
111 122 6.35582
12
112 64 6.30999
112 65 5.71427
112 66 4.60149
112 67 6.73767
112 110 6.69046
112 111 3.78578
112 113 3.79425
112 114 6.71445
112 118 5.41487
112 119 5.7651
112 120 5.36874
112 121 6.40009
11
113 64 5.33034
113 65 5.04841
113 66 6.02751
113 111 6.0907
113 112 3.79425
113 114 3.79653
113 115 6.58953
113 116 5.64261
113 117 5.12665
113 118 4.40991
113 119 5.96971
10
114 63 6.70282
114 64 5.05592
114 65 6.94583
114 112 6.71445
114 113 3.79653
114 115 3.7988
114 116 5.28089
114 117 5.47941
114 118 6.33965
114 119 6.4762
4
115 113 6.58953
115 114 3.7988
115 116 3.79899
115 117 5.72745
5
116 113 5.64261
116 114 5.28089
116 115 3.79899
116 117 3.81004
116 118 6.98204
6
117 113 5.12665
117 114 5.47941
117 115 5.72745
117 116 3.81004
117 118 3.82917
117 119 6.40794
9
118 111 5.74439
118 112 5.41487
118 113 4.40991
118 114 6.33965
118 116 6.98204
118 117 3.82917
118 119 3.80285
118 120 5.55579
118 121 6.95469
8
119 44 6.25818
119 96 6.47643
119 112 5.7651
119 113 5.96971
119 114 6.4762
119 117 6.40794
119 118 3.80285
119 120 3.81365
9
120 44 6.11748
120 96 4.84524
120 97 5.87903
120 111 5.71381
120 112 5.36874
120 118 5.55579
120 119 3.81365
120 121 3.81028
120 122 6.59891
11
121 96 6.24159
121 97 4.70962
121 98 6.21665
121 109 6.43998
121 110 5.55697
121 111 4.29887
121 112 6.40009
121 118 6.95469
121 120 3.81028
121 122 3.79226
121 123 6.80485
9
122 97 6.16078
122 98 5.16656
122 109 5.52513
122 110 5.1928
122 111 6.35582
122 120 6.59891
122 121 3.79226
122 123 3.82015
122 124 6.73492
7
123 98 6.79952
123 109 4.32071
123 110 6.23006
123 121 6.80485
123 122 3.82015
123 124 3.82242
123 125 5.42254
6
124 109 6.6947
124 122 6.73492
124 123 3.82242
124 125 2.44536
124 126 5.32729
124 127 6.23855
6
125 123 5.42254
125 124 2.44536
125 126 4.18907
125 127 6.54309
125 173 6.77169
125 174 6.20447
8
126 124 5.32729
126 125 4.18907
126 127 3.80594
126 128 6.93593
126 171 6.21091
126 172 5.38375
126 173 4.54863
126 174 5.90301
9
127 124 6.23855
127 125 6.54309
127 126 3.80594
127 128 3.79893
127 129 6.55517
127 171 5.61389
127 172 5.45709
127 173 6.71687
127 174 6.99373
9
128 126 6.93593
128 127 3.79893
128 129 3.79217
128 130 6.96885
128 169 6.35371
128 170 5.50442
128 171 4.59281
128 172 6.27663
128 183 6.54093
9
129 127 6.55517
129 128 3.79217
129 130 3.77726
129 131 6.63026
129 152 6.49681
129 153 6.58262
129 169 5.36739
129 170 5.49767
129 171 6.47351
10
130 128 6.96885
130 129 3.77726
130 131 3.79665
130 132 6.1221
130 152 5.6656
130 153 5.57062
130 167 5.98339
130 168 5.63573
130 169 4.09037
130 170 6.09834
12
131 129 6.63026
131 130 3.79665
131 132 3.81336
131 133 5.84712
131 150 6.32416
131 151 5.93107
131 152 4.40148
131 153 6.1303
131 166 5.38675
131 167 5.25203
131 168 5.55516
131 169 6.07393
9
132 130 6.1221
132 131 3.81336
132 133 3.79951
132 134 6.9401
132 151 5.88264
132 152 5.41936
132 153 5.70531
132 166 5.28559
132 167 5.46441
8
133 131 5.84712
133 132 3.79951
133 134 3.79231
133 135 6.97428
133 150 5.73698
133 151 5.07242
133 152 6.9952
133 166 5.41409
9
134 132 6.9401
134 133 3.79231
134 135 3.79967
134 136 6.17247
134 149 6.12799
134 150 4.47426
134 151 6.3529
134 165 6.72594
134 166 5.81634
5
135 133 6.97428
135 134 3.79967
135 136 3.82512
135 137 6.51676
135 139 5.62021
6
136 134 6.17247
136 135 3.82512
136 137 3.79595
136 138 6.69173
136 139 6.31572
136 165 5.92563
7
137 135 6.51676
137 136 3.79595
137 138 3.79369
137 139 5.58313
137 162 6.27957
137 163 6.3903
137 165 6.86632
6
138 136 6.69173
138 137 3.79369
138 139 3.80269
138 140 5.73824
138 162 5.11144
138 163 6.93762
6
139 135 5.62021
139 136 6.31572
139 137 5.58313
139 138 3.80269
139 140 3.79394
139 141 6.60452
9
140 138 5.73824
140 139 3.79394
140 141 3.8015
140 142 5.42601
140 143 6.88682
140 145 6.69659
140 147 5.84458
140 148 4.56301
140 162 6.54181
5
141 139 6.60452
141 140 3.8015
141 142 3.81862
141 143 6.83316
141 148 5.62001
5
142 140 5.42601
142 141 3.81862
142 143 3.79952
142 144 5.73642
142 145 5.36231
5
143 140 6.88682
143 141 6.83316
143 142 3.79952
143 144 3.80537
143 145 6.00856
4
144 142 5.73642
144 143 3.80537
144 145 3.80032
144 146 6.57499
6
145 140 6.69659
145 142 5.36231
145 143 6.00856
145 144 3.80032
145 146 3.77951
145 147 5.68197
5
146 144 6.57499
146 145 3.77951
146 147 3.81083
146 161 5.96247
146 162 6.0758
8
147 140 5.84458
147 145 5.68197
147 146 3.81083
147 148 3.81196
147 159 5.86985
147 160 5.15555
147 161 4.27322
147 162 5.12384
9
148 140 4.56301
148 141 5.62001
148 147 3.81196
148 149 3.83539
148 150 6.5043
148 159 5.24718
148 160 5.46794
148 161 6.35015
148 162 6.07565
8
149 134 6.12799
149 148 3.83539
149 150 3.79819
149 151 6.85453
149 157 6.49949
149 158 5.67461
149 159 4.50215
149 160 6.2749
11
150 131 6.32416
150 133 5.73698
150 134 4.47426
150 148 6.5043
150 149 3.79819
150 151 3.78427
150 152 6.27236
150 157 5.32541
150 158 5.42977
150 159 5.95379
150 160 6.39694
12
151 131 5.93107
151 132 5.88264
151 133 5.07242
151 134 6.3529
151 149 6.85453
151 150 3.78427
151 152 3.81216
151 153 6.84244
151 155 5.92792
151 156 5.72559
151 157 4.36122
151 158 6.71967
12
152 129 6.49681
152 130 5.6656
152 131 4.40148
152 132 5.41936
152 133 6.9952
152 150 6.27236
152 151 3.81216
152 153 3.81512
152 154 5.34291
152 155 5.38733
152 156 5.37929
152 157 6.01736
8
153 129 6.58262
153 130 5.57062
153 131 6.1303
153 132 5.70531
153 151 6.84244
153 152 3.81512
153 154 3.82342
153 155 5.57219
7
154 102 6.1653
154 103 6.74529
154 104 6.03117
154 152 5.34291
154 153 3.82342
154 155 3.79709
154 156 5.49396
6
155 151 5.92792
155 152 5.38733
155 153 5.57219
155 154 3.79709
155 156 3.79954
155 157 6.52125
7
156 102 6.67989
156 151 5.72559
156 152 5.37929
156 154 5.49396
156 155 3.79954
156 157 3.81368
156 158 6.73323
7
157 149 6.49949
157 150 5.32541
157 151 4.36122
157 152 6.01736
157 155 6.52125
157 156 3.81368
157 158 3.80752
9
158 149 5.67461
158 150 5.42977
158 151 6.71967
158 156 6.73323
158 157 3.80752
158 159 3.8039
158 160 6.36924
158 178 6.14959
158 179 6.74526
7
159 147 5.86985
159 148 5.24718
159 149 4.50215
159 150 5.95379
159 158 3.8039
159 160 3.81258
159 179 6.81123
10
160 147 5.15555
160 148 5.46794
160 149 6.2749
160 150 6.39694
160 158 6.36924
160 159 3.81258
160 161 3.83215
160 162 6.49038
160 164 6.50168
160 179 6.18507
7
161 146 5.96247
161 147 4.27322
161 148 6.35015
161 160 3.83215
161 162 3.81222
161 163 5.41828
161 164 5.70644
10
162 137 6.27957
162 138 5.11144
162 140 6.54181
162 146 6.0758
162 147 5.12384
162 148 6.07565
162 160 6.49038
162 161 3.81222
162 163 3.81063
162 164 5.51969
6
163 137 6.3903
163 138 6.93762
163 161 5.41828
163 162 3.81063
163 164 3.81558
163 165 6.33656
6
164 160 6.50168
164 161 5.70644
164 162 5.51969
164 163 3.81558
164 165 3.80818
164 168 6.6924
8
165 134 6.72594
165 136 5.92563
165 137 6.86632
165 163 6.33656
165 164 3.80818
165 166 3.81372
165 167 6.27615
165 168 5.73132
7
166 131 5.38675
166 132 5.28559
166 133 5.41409
166 134 5.81634
166 165 3.81372
166 167 3.79718
166 168 5.5828
7
167 130 5.98339
167 131 5.25203
167 132 5.46441
167 165 6.27615
167 166 3.79718
167 168 3.80617
167 169 6.5571
8
168 130 5.63573
168 131 5.55516
168 164 6.6924
168 165 5.73132
168 166 5.5828
168 167 3.80617
168 169 3.81657
168 170 6.42866
9
169 128 6.35371
169 129 5.36739
169 130 4.09037
169 131 6.07393
169 167 6.5571
169 168 3.81657
169 170 3.81688
169 182 6.3887
169 183 5.45335
10
170 128 5.50442
170 129 5.49767
170 130 6.09834
170 168 6.42866
170 169 3.81688
170 171 3.80473
170 172 6.49497
170 181 5.94987
170 182 4.29352
170 183 4.8694
12
171 126 6.21091
171 127 5.61389
171 128 4.59281
171 129 6.47351
171 170 3.80473
171 172 3.80771
171 173 6.84031
171 179 5.90986
171 180 5.61676
171 181 5.18529
171 182 5.60254
171 183 5.67773
11
172 126 5.38375
172 127 5.45709
172 128 6.27663
172 170 6.49497
172 171 3.80771
172 173 3.80195
172 174 5.98132
172 177 6.33438
172 178 5.42762
172 179 4.58974
172 180 5.65995
12
173 125 6.77169
173 126 4.54863
173 127 6.71687
173 171 6.84031
173 172 3.80195
173 174 3.80721
173 175 5.51264
173 176 5.68447
173 177 5.34254
173 178 5.44632
173 179 6.47185
173 180 6.46834
10
174 99 4.9635
174 102 6.71923
174 125 6.20447
174 126 5.90301
174 127 6.99373
174 172 5.98132
174 173 3.80721
174 175 3.79729
174 176 5.65141
174 177 4.95171
5
175 99 6.20466
175 173 5.51264
175 174 3.79729
175 176 3.81386
175 177 5.75454
5
176 173 5.68447
176 174 5.65141
176 175 3.81386
176 177 3.79465
176 178 5.5268
7
177 99 6.86073
177 172 6.33438
177 173 5.34254
177 174 4.95171
177 175 5.75454
177 176 3.79465
177 178 3.79646
7
178 158 6.14959
178 172 5.42762
178 173 5.44632
178 176 5.5268
178 177 3.79646
178 179 3.79596
178 180 6.31381
9
179 158 6.74526
179 159 6.81123
179 160 6.18507
179 171 5.90986
179 172 4.58974
179 173 6.47185
179 178 3.79596
179 180 3.82214
179 181 5.84365
6
180 171 5.61676
180 172 5.65995
180 173 6.46834
180 178 6.31381
180 179 3.82214
180 181 3.79866
6
181 170 5.94987
181 171 5.18529
181 179 5.84365
181 180 3.79866
181 182 3.79878
181 183 6.65074
5
182 169 6.3887
182 170 4.29352
182 171 5.60254
182 181 3.79878
182 183 3.80413
6
183 128 6.54093
183 169 5.45335
183 170 4.8694
183 171 5.67773
183 181 6.65074
183 182 3.80413
6
184 185 3.78705
184 186 6.94548
184 242 6.40016
184 243 5.59244
184 244 4.58743
184 245 5.47331
8
185 184 3.78705
185 186 3.78492
185 187 6.29189
185 189 6.6925
185 242 5.3888
185 243 5.4075
185 244 6.36972
185 245 6.01614
9
186 184 6.94548
186 185 3.78492
186 187 3.8
186 188 5.29487
186 189 5.32683
186 240 6.98032
186 241 6.18554
186 242 4.41417
186 243 6.51479
10
187 185 6.29189
187 186 3.8
187 188 3.8121
187 189 5.32321
187 190 5.30764
187 220 6.63729
187 239 6.42899
187 241 5.85607
187 242 5.31024
187 243 6.58118
7
188 186 5.29487
188 187 3.8121
188 189 3.80467
188 190 5.55587
188 210 6.5551
188 220 6.49249
188 239 6.13568
6
189 185 6.6925
189 186 5.32683
189 187 5.32321
189 188 3.80467
189 190 3.81204
189 191 6.42139
7
190 187 5.30764
190 188 5.55587
190 189 3.81204
190 191 3.81442
190 192 6.98359
190 194 6.08273
190 208 6.72044
8
191 28 6.85862
191 189 6.42139
191 190 3.81442
191 192 3.80156
191 193 5.93651
191 194 5.71693
191 205 6.40898
191 208 5.75721
11
192 29 6.67705
192 30 5.24278
192 31 6.97288
192 190 6.98359
192 191 3.80156
192 193 3.8035
192 194 5.75442
192 205 4.69737
192 206 4.33152
192 207 5.55215
192 208 6.58111
7
193 191 5.93651
193 192 3.8035
193 194 3.79704
193 195 6.23174
193 204 5.82667
193 205 5.47457
193 206 6.44242
8
194 190 6.08273
194 191 5.71693
194 192 5.75442
194 193 3.79704
194 195 3.80244
194 196 6.6515
194 204 5.64581
194 205 5.40153
9
195 193 6.23174
195 194 3.80244
195 196 3.79595
195 203 5.45027
195 204 4.27956
195 205 6.25701
195 245 5.60576
195 246 5.42282
195 247 6.72438
11
196 194 6.6515
196 195 3.79595
196 197 3.78571
196 198 6.36335
196 202 5.92556
196 203 5.28709
196 204 6.34241
196 243 6.73151
196 244 5.51017
196 245 4.08792
196 246 5.11791
10
197 196 3.78571
197 198 3.82351
197 199 6.99019
197 200 6.55944
197 201 5.61918
197 202 4.6498
197 203 6.14685
197 244 5.7147
197 245 6.38627
197 246 6.68885
6
198 196 6.36335
198 197 3.82351
198 199 3.8001
198 200 5.42293
198 201 5.34096
198 202 6.46936
4
199 197 6.99019
199 198 3.8001
199 200 3.79708
199 201 5.4467
4
200 197 6.55944
200 198 5.42293
200 199 3.79708
200 201 3.78809
6
201 197 5.61918
201 198 5.34096
201 199 5.4467
201 200 3.78809
201 202 3.81575
201 203 6.43435
7
202 196 5.92556
202 197 4.6498
202 198 6.46936
202 201 3.81575
202 203 3.79618
202 226 5.94335
202 227 5.61691
11
203 195 5.45027
203 196 5.28709
203 197 6.14685
203 201 6.43435
203 202 3.79618
203 204 3.77561
203 205 6.64246
203 224 5.92122
203 225 5.54405
203 226 4.37666
203 227 5.22267
11
204 193 5.82667
204 194 5.64581
204 195 4.27956
204 196 6.34241
204 203 3.77561
204 205 3.78928
204 206 6.28877
204 224 5.22517
204 225 5.33225
204 226 6.31204
204 227 6.57362
13
205 191 6.40898
205 192 4.69737
205 193 5.47457
205 194 5.40153
205 195 6.25701
205 203 6.64246
205 204 3.78928
205 206 3.81177
205 207 5.89423
205 222 6.81053
205 223 5.81027
205 224 4.23056
205 225 6.4598
11
206 29 6.51605
206 30 5.27861
206 192 4.33152
206 193 6.44242
206 204 6.28877
206 205 3.81177
206 207 3.83143
206 208 6.9618
206 223 5.63834
206 224 5.35889
206 225 6.66381
10
207 28 6.11326
207 29 4.68237
207 30 5.99005
207 192 5.55215
207 205 5.89423
207 206 3.83143
207 208 3.80456
207 209 6.95564
207 222 5.33804
207 223 4.92381
13
208 27 5.53287
208 28 5.26554
208 29 6.36174
208 190 6.72044
208 191 5.75721
208 192 6.58111
208 206 6.9618
208 207 3.80456
208 209 3.81022
208 210 6.82877
208 221 6.14507
208 222 4.57222
208 223 6.7288
11
209 25 6.84675
209 26 5.64679
209 27 4.38392
209 28 6.65626
209 207 6.95564
209 208 3.81022
209 210 3.81041
209 211 6.38306
209 220 5.52945
209 221 5.09284
209 222 6.12776
10
210 25 5.6539
210 26 5.04027
210 27 6.3949
210 188 6.5551
210 208 6.82877
210 209 3.81041
210 211 3.79394
210 219 5.84758
210 220 4.39726
210 221 6.47129
10
211 24 5.59767
211 25 4.36765
211 26 6.3616
211 209 6.38306
211 210 3.79394
211 212 3.7926
211 213 6.75233
211 218 5.6328
211 219 5.46042
211 220 6.34494
10
212 23 6.20983
212 24 5.3105
212 25 6.61817
212 211 3.7926
212 213 3.80191
212 214 6.59401
212 216 6.47541
212 217 6.30454
212 218 4.41786
212 219 6.51113
9
213 8 6.57907
213 22 6.49293
213 23 4.59786
213 24 6.23903
213 211 6.75233
213 212 3.80191
213 214 3.79096
213 215 6.46876
213 216 5.739
7
214 8 5.51663
214 22 5.57502
214 23 6.17065
214 212 6.59401
214 213 3.79096
214 215 3.80262
214 216 5.30967
5
215 8 6.99242
215 213 6.46876
215 214 3.80262
215 216 3.7961
215 217 6.49072
6
216 212 6.47541
216 213 5.739
216 214 5.30967
216 215 3.7961
216 217 3.7884
216 218 6.51704
5
217 212 6.30454
217 215 6.49072
217 216 3.7884
217 218 3.79537
217 219 6.57462
7
218 211 5.6328
218 212 4.41786
218 216 6.51704
218 217 3.79537
218 219 3.80685
218 238 6.33012
218 239 5.28621
11
219 210 5.84758
219 211 5.46042
219 212 6.51113
219 217 6.57462
219 218 3.80685
219 220 3.79394
219 221 6.57249
219 236 6.79991
219 237 5.62255
219 238 4.67123
219 239 4.95795
12
220 187 6.63729
220 188 6.49249
220 209 5.52945
220 210 4.39726
220 211 6.34494
220 219 3.79394
220 221 3.78935
220 222 6.36682
220 236 5.65526
220 237 5.05434
220 238 6.24214
220 239 5.93584
9
221 208 6.14507
221 209 5.09284
221 210 6.47129
221 219 6.57249
221 220 3.78935
221 222 3.78582
221 235 5.7294
221 236 4.40811
221 237 6.32578
11
222 205 6.81053
222 207 5.33804
222 208 4.57222
222 209 6.12776
222 220 6.36682
222 221 3.78582
222 223 3.78364
222 224 6.61995
222 234 5.65765
222 235 5.53496
222 236 6.56528
9
223 205 5.81027
223 206 5.63834
223 207 4.92381
223 208 6.7288
223 222 3.78364
223 224 3.81147
223 233 5.70709
223 234 4.19756
223 235 6.39971
11
224 203 5.92122
224 204 5.22517
224 205 4.23056
224 206 5.35889
224 222 6.61995
224 223 3.81147
224 225 3.80626
224 226 6.59607
224 232 5.51547
224 233 5.34562
224 234 6.27743
10
225 203 5.54405
225 204 5.33225
225 205 6.4598
225 206 6.66381
225 224 3.80626
225 226 3.80702
225 227 6.50696
225 231 6.12428
225 232 4.40394
225 233 6.67662
11
226 202 5.94335
226 203 4.37666
226 204 6.31204
226 224 6.59607
226 225 3.80702
226 227 3.81047
226 228 5.54384
226 229 5.47332
226 230 6.02654
226 231 5.41823
226 232 5.96006
7
227 202 5.61691
227 203 5.22267
227 204 6.57362
227 225 6.50696
227 226 3.81047
227 228 3.82017
227 229 6.19649
6
228 226 5.54384
228 227 3.82017
228 229 3.81942
228 230 6.92774
228 303 6.21701
228 304 6.13109
5
229 226 5.47332
229 227 6.19649
229 228 3.81942
229 230 3.78801
229 231 5.53534
5
230 226 6.02654
230 228 6.92774
230 229 3.78801
230 231 3.79462
230 232 6.75543
6
231 225 6.12428
231 226 5.41823
231 229 5.53534
231 230 3.79462
231 232 3.79953
231 233 6.86413
6
232 224 5.51547
232 225 4.40394
232 226 5.96006
232 230 6.75543
232 231 3.79953
232 233 3.78295
7
233 223 5.70709
233 224 5.34562
233 225 6.67662
233 231 6.86413
233 232 3.78295
233 234 3.7875
233 235 6.47599
6
234 222 5.65765
234 223 4.19756
234 224 6.27743
234 233 3.7875
234 235 3.79256
234 236 6.99016
7
235 221 5.7294
235 222 5.53496
235 223 6.39971
235 233 6.47599
235 234 3.79256
235 236 3.79513
235 237 6.48084
7
236 219 6.79991
236 220 5.65526
236 221 4.40811
236 222 6.56528
236 234 6.99016
236 235 3.79513
236 237 3.7978
8
237 219 5.62255
237 220 5.05434
237 221 6.32578
237 235 6.48084
237 236 3.7978
237 238 3.78438
237 239 6.21354
237 241 6.38424
7
238 218 6.33012
238 219 4.67123
238 220 6.24214
238 237 3.78438
238 239 3.81288
238 240 5.39837
238 241 5.64011
9
239 187 6.42899
239 188 6.13568
239 218 5.28621
239 219 4.95795
239 220 5.93584
239 237 6.21354
239 238 3.81288
239 240 3.8032
239 241 5.74934
5
240 186 6.98032
240 238 5.39837
240 239 3.8032
240 241 3.80734
240 242 6.74827
7
241 186 6.18554
241 187 5.85607
241 237 6.38424
241 238 5.64011
241 239 5.74934
241 240 3.80734
241 242 3.80539
8
242 184 6.40016
242 185 5.3888
242 186 4.41417
242 187 5.31024
242 240 6.74827
242 241 3.80539
242 243 3.80637
242 244 6.99431
8
243 184 5.59244
243 185 5.4075
243 186 6.51479
243 187 6.58118
243 196 6.73151
243 242 3.80637
243 244 3.78719
243 245 5.94877
8
244 184 4.58743
244 185 6.36972
244 196 5.51017
244 197 5.7147
244 242 6.99431
244 243 3.78719
244 245 3.78955
244 246 6.50861
8
245 184 5.47331
245 185 6.01614
245 195 5.60576
245 196 4.08792
245 197 6.38627
245 243 5.94877
245 244 3.78955
245 246 3.79489
7
246 195 5.42282
246 196 5.11791
246 197 6.68885
246 244 6.50861
246 245 3.79489
246 247 3.78672
246 248 6.55873
5
247 195 6.72438
247 246 3.78672
247 248 3.79981
247 249 6.48628
247 298 6.90911
7
248 246 6.55873
248 247 3.79981
248 249 3.78531
248 250 6.6324
248 296 6.18328
248 297 5.44581
248 298 4.91081
7
249 247 6.48628
249 248 3.78531
249 250 3.79937
249 251 6.31175
249 296 5.68116
249 297 5.11096
249 298 6.76595
8
250 248 6.6324
250 249 3.79937
250 251 3.81014
250 252 6.94815
250 294 6.16768
250 295 5.44181
250 296 4.50238
250 297 6.0671
7
251 249 6.31175
251 250 3.81014
251 252 3.79975
251 253 6.1959
251 294 5.49885
251 295 5.16616
251 296 6.45975
9
252 250 6.94815
252 251 3.79975
252 253 3.80033
252 254 6.94908
252 267 6.22154
252 268 6.06784
252 293 5.88041
252 294 4.71447
252 295 6.2853
12
253 251 6.1959
253 252 3.80033
253 254 3.7828
253 255 6.6252
253 265 5.97036
253 266 5.2143
253 267 4.53878
253 268 5.52949
253 292 6.80708
253 293 5.33137
253 294 5.81685
253 295 6.31083
12
254 252 6.94908
254 253 3.7828
254 255 3.79191
254 256 6.17993
254 265 5.35871
254 266 5.0706
254 267 6.50927
254 268 6.48611
254 290 5.91889
254 291 5.62661
254 292 4.87965
254 293 6.23831
11
255 253 6.6252
255 254 3.79191
255 256 3.80534
255 257 6.17025
255 264 6.09078
255 265 4.48111
255 266 6.46963
255 289 5.57386
255 290 5.29586
255 291 5.02831
255 292 6.07074
9
256 254 6.17993
256 255 3.80534
256 257 3.80262
256 264 5.55555
256 265 5.64099
256 266 6.90979
256 289 5.33453
256 290 5.66538
256 291 6.86069
7
257 255 6.17025
257 256 3.80262
257 258 3.83298
257 259 6.52809
257 263 6.10933
257 264 5.49432
257 289 5.83924
7
258 257 3.83298
258 259 3.81578
258 260 6.07519
258 261 6.56773
258 262 5.87841
258 263 4.55099
258 264 5.90226
8
259 257 6.52809
259 258 3.81578
259 260 3.77683
259 261 5.88698
259 262 5.1814
259 263 5.66036
259 264 6.18153
259 275 6.95759
4
260 258 6.07519
260 259 3.77683
260 261 3.79646
260 262 5.5783
5
261 258 6.56773
261 259 5.88698
261 260 3.79646
261 262 3.81303
261 263 6.84738
10
262 258 5.87841
262 259 5.1814
262 260 5.5783
262 261 3.81303
262 263 3.80713
262 264 6.67377
262 275 5.84886
262 276 5.34445
262 277 4.51931
262 278 5.54071
11
263 257 6.10933
263 258 4.55099
263 259 5.66036
263 261 6.84738
263 262 3.80713
263 264 3.79979
263 265 6.37397
263 275 5.44023
263 276 5.04405
263 277 6.27828
263 278 6.33695
13
264 255 6.09078
264 256 5.55555
264 257 5.49432
264 258 5.90226
264 259 6.18153
264 262 6.67377
264 263 3.79979
264 265 3.81549
264 266 6.85433
264 273 6.54902
264 274 5.46195
264 275 4.44169
264 276 6.0725
11
265 253 5.97036
265 254 5.35871
265 255 4.48111
265 256 5.64099
265 263 6.37397
265 264 3.81549
265 266 3.79453
265 267 6.81843
265 273 5.54621
265 274 5.21564
265 275 6.48912
12
266 253 5.2143
266 254 5.0706
266 255 6.46963
266 256 6.90979
266 264 6.85433
266 265 3.79453
266 267 3.79681
266 268 6.01475
266 271 5.51947
266 272 5.59298
266 273 4.37661
266 274 6.34907
11
267 252 6.22154
267 253 4.53878
267 254 6.50927
267 265 6.81843
267 266 3.79681
267 268 3.80075
267 269 5.4816
267 270 5.54298
267 271 4.74766
267 272 5.41602
267 273 6.52417
8
268 252 6.06784
268 253 5.52949
268 254 6.48611
268 266 6.01475
268 267 3.80075
268 269 3.80953
268 270 6.10104
268 271 5.56091
4
269 267 5.4816
269 268 3.80953
269 270 3.8219
269 271 5.6941
5
270 267 5.54298
270 268 6.10104
270 269 3.8219
270 271 3.80805
270 272 5.42703
7
271 266 5.51947
271 267 4.74766
271 268 5.56091
271 269 5.6941
271 270 3.80805
271 272 3.7927
271 273 6.24807
6
272 266 5.59298
272 267 5.41602
272 270 5.42703
272 271 3.7927
272 273 3.81455
272 274 6.73866
8
273 264 6.54902
273 265 5.54621
273 266 4.37661
273 267 6.52417
273 271 6.24807
273 272 3.81455
273 274 3.81701
273 275 6.90741
7
274 264 5.46195
274 265 5.21564
274 266 6.34907
274 272 6.73866
274 273 3.81701
274 275 3.81319
274 276 5.8815
9
275 259 6.95759
275 262 5.84886
275 263 5.44023
275 264 4.44169
275 265 6.48912
275 273 6.90741
275 274 3.81319
275 276 3.81141
275 277 6.71272
8
276 262 5.34445
276 263 5.04405
276 264 6.0725
276 274 5.8815
276 275 3.81141
276 277 3.81924
276 278 6.2541
276 280 6.90572
7
277 262 4.51931
277 263 6.27828
277 275 6.71272
277 276 3.81924
277 278 3.79927
277 279 5.36436
277 280 5.67061
8
278 262 5.54071
278 263 6.33695
278 276 6.2541
278 277 3.79927
278 279 3.79812
278 280 5.33069
278 281 5.16524
278 284 6.14932
4
279 277 5.36436
279 278 3.79812
279 280 3.82232
279 281 5.51401
9
280 276 6.90572
280 277 5.67061
280 278 5.33069
280 279 3.82232
280 281 3.80836
280 282 6.59848
280 303 6.4414
280 304 4.88307
280 305 6.24032
9
281 278 5.16524
281 279 5.51401
281 280 3.80836
281 282 3.80896
281 283 6.32176
281 284 5.31253
281 304 5.88404
281 305 4.68141
281 306 6.13628
7
282 280 6.59848
282 281 3.80896
282 283 3.80594
282 284 5.42175
282 305 6.24348
282 306 5.1971
282 307 6.8558
8
283 281 6.32176
283 282 3.80594
283 284 3.80393
283 285 5.55727
283 286 5.59877
283 352 4.91418
283 353 6.1211
283 355 6.94095
7
284 278 6.14932
284 281 5.31253
284 282 5.42175
284 283 3.80393
284 285 3.81667
284 286 5.39678
284 287 5.67601
6
285 283 5.55727
285 284 3.81667
285 286 3.81132
285 287 5.69176
285 332 6.48378
285 334 5.78341
8
286 283 5.59877
286 284 5.39678
286 285 3.81132
286 287 3.79953
286 288 6.43061
286 332 6.09249
286 334 6.6368
286 352 6.6645
7
287 284 5.67601
287 285 5.69176
287 286 3.79953
287 288 3.78963
287 289 6.40748
287 291 6.69208
287 332 6.59232
6
288 286 6.43061
288 287 3.78963
288 289 3.80615
288 290 6.16232
288 291 5.19138
288 332 5.94513
7
289 255 5.57386
289 256 5.33453
289 257 5.83924
289 287 6.40748
289 288 3.80615
289 290 3.79495
289 291 4.3784
7
290 254 5.91889
290 255 5.29586
290 256 5.66538
290 288 6.16232
