251
0 LYS 4
1 ALA 5
2 MET 6
3 THR 7
4 VAL 8
5 LYS 9
6 PHE 10
7 THR 11
8 VAL 12
9 GLU 13
10 LEU 14
11 ASP 15
12 ILE 16
13 GLU 17
14 ARG 18
15 LEU 19
16 THR 20
17 GLY 21
18 GLN 22
19 THR 23
20 TYR 24
21 THR 25
22 ASP 26
23 PHE 27
24 ILE 28
25 LYS 29
26 ASN 30
27 LEU 31
28 ARG 32
29 ARG 33
30 SER 34
31 LEU 35
32 ALA 36
33 THR 37
34 TRP 38
35 TYR 39
36 LEU 40
37 HIS 41
38 GLY 42
39 VAL 43
40 PRO 44
41 VAL 45
42 LEU 46
43 PRO 47
44 LEU 48
45 TYR 49
46 ASN 50
47 GLN 51
48 GLU 52
49 ALA 53
50 ASP 54
51 PRO 55
52 ARG 56
53 GLY 57
54 PHE 58
55 ASP 59
56 LEU 60
57 LYS 61
58 LEU 62
59 THR 63
60 PHE 64
61 ARG 65
62 GLY 66
63 GLN 67
64 VAL 68
65 THR 69
66 THR 70
67 VAL 71
68 ARG 72
69 ILE 73
70 HIS 74
71 ARG 75
72 ASP 76
73 ASP 77
74 LEU 78
75 VAL 79
76 LEU 80
77 ARG 81
78 GLY 82
79 TYR 83
80 GLN 84
81 MET 85
82 GLN 86
83 GLY 87
84 ALA 88
85 GLY 89
86 LYS 90
87 TRP 91
88 LEU 92
89 GLU 93
90 LEU 94
91 GLU 95
92 ARG 96
93 PRO 97
94 SER 98
95 GLY 102
96 HIS 103
97 LEU 104
98 ILE 105
99 GLU 106
100 GLY 107
101 SER 108
102 GLU 109
103 LEU 110
104 LEU 111
105 GLU 112
106 PHE 113
107 GLY 114
108 PRO 115
109 SER 116
110 TYR 117
111 GLU 118
112 GLU 119
113 LEU 120
114 ALA 121
115 ALA 122
116 ALA 123
117 ALA 124
118 GLN 125
119 GLN 126
120 ASP 127
121 ILE 128
122 LEU 129
123 ASP 130
124 ILE 131
125 SER 132
126 TYR 133
127 ASN 134
128 LYS 135
129 ASN 136
130 ALA 137
131 LEU 138
132 GLN 139
133 ASP 140
134 ALA 141
135 VAL 142
136 SER 143
137 LYS 144
138 LEU 145
139 ALA 146
140 VAL 147
141 SER 148
142 THR 149
143 ASN 150
144 THR 151
145 ARG 152
146 ASP 153
147 ARG 154
148 ALA 155
149 ARG 156
150 SER 157
151 LEU 158
152 ILE 159
153 VAL 160
154 VAL 161
155 SER 162
156 GLN 163
157 MET 164
158 PHE 165
159 CYS 166
160 GLU 167
161 ALA 168
162 THR 169
163 ARG 170
164 PHE 171
165 VAL 172
166 ASP 173
167 ILE 174
168 ALA 175
169 ASN 176
170 HIS 177
171 PHE 178
172 ALA 179
173 PHE 180
174 ASN 181
175 LEU 182
176 GLU 183
177 SER 184
178 SER 185
179 GLU 186
180 PRO 187
181 VAL 188
182 LYS 189
183 LEU 190
184 PRO 191
185 GLN 192
186 TRP 193
187 MET 194
188 GLN 195
189 ASN 196
190 ASP 197
191 LEU 198
192 GLU 199
193 LYS 200
194 ASN 201
195 TRP 202
196 VAL 203
197 ARG 204
198 PHE 205
199 SER 206
200 PHE 207
201 MET 208
202 ILE 209
203 LEU 210
204 LYS 211
205 SER 212
206 ASN 213
207 ALA 214
208 ASP 215
209 PRO 216
210 CYS 217
211 TYR 218
212 LYS 219
213 PHE 220
214 GLU 221
215 PRO 222
216 GLN 223
217 THR 224
218 ILE 225
219 TYR 226
220 GLY 227
221 LYS 228
222 ILE 229
223 ILE 230
224 LYS 231
225 THR 232
226 ALA 233
227 ASP 234
228 GLU 235
229 LEU 236
230 LEU 237
231 ASN 238
232 PHE 239
233 LEU 240
234 GLY 241
235 ILE 242
236 VAL 243
237 GLU 244
238 GLN 245
239 HIS 246
240 PRO 247
241 ASP 248
242 THR 249
243 ARG 250
244 SER 251
245 PRO 252
246 PRO 253
247 CYS 254
248 ALA 255
249 ALA 256
250 GLY 257
8
0 1 3.84315
0 2 6.60227
0 49 6.50004
0 50 7.37449
0 51 7.64075
0 94 7.53696
0 96 7.97781
0 97 6.63615
8
1 0 3.84315
1 2 3.78611
1 3 6.2306
1 51 7.0815
1 96 6.80963
1 97 4.32365
1 98 5.64131
1 99 6.53635
11
2 0 6.60227
2 1 3.78611
2 3 3.77802
2 4 6.665
2 50 7.10376
2 51 4.67785
2 52 5.30119
2 53 5.84034
2 70 7.87574
2 97 5.37928
2 98 6.60793
8
3 1 6.2306
3 2 3.77802
3 4 3.81444
3 5 6.18735
3 51 6.68137
3 52 5.19344
3 53 5.55049
3 54 7.53128
10
4 2 6.665
4 3 3.81444
4 5 3.80538
4 6 5.5927
4 7 7.45081
4 52 6.55031
4 53 4.86256
4 54 4.66393
4 55 6.51483
4 68 7.95367
7
5 3 6.18735
5 4 3.80538
5 6 3.8226
5 7 7.26543
5 52 6.78271
5 53 5.97276
5 54 5.28876
7
6 4 5.5927
6 5 3.8226
6 7 3.80053
6 8 6.83329
6 53 7.87857
6 54 5.13442
6 55 6.38922
9
7 4 7.45081
7 5 7.26543
7 6 3.80053
7 8 3.81487
7 9 6.67592
7 54 5.81212
7 55 4.56998
7 56 5.8629
7 57 7.15459
8
8 6 6.83329
8 7 3.81487
8 9 3.80325
8 10 6.9455
8 27 7.60461
8 55 6.40242
8 56 5.14679
8 57 6.14476
8
9 7 6.67592
9 8 3.80325
9 10 3.80052
9 11 6.88371
9 56 5.85233
9 57 4.49362
9 58 5.84113
9 59 7.73779
9
10 8 6.9455
10 9 3.80052
10 11 3.78919
10 12 6.25731
10 23 7.73549
10 56 7.90465
10 57 6.38919
10 58 5.15844
10 59 6.38556
9
11 9 6.88371
11 10 3.78919
11 12 3.79786
11 13 5.86327
11 14 7.04313
11 15 6.9396
11 58 5.88964
11 59 4.71818
11 60 5.8042
11
12 10 6.25731
12 11 3.79786
12 13 3.83731
12 14 5.86251
12 15 5.03411
12 58 7.06517
12 59 6.12973
12 60 5.33186
12 128 7.27827
12 131 7.39679
12 132 6.43947
7
13 11 5.86327
13 12 3.83731
13 14 3.84334
13 15 5.57125
13 60 5.67829
13 61 6.84542
13 132 7.63782
5
14 11 7.04313
14 12 5.86251
14 13 3.84334
14 15 3.8276
14 16 6.4774
9
15 11 6.9396
15 12 5.03411
15 13 5.57125
15 14 3.8276
15 16 3.81907
15 17 7.02863
15 19 6.12894
15 20 6.38357
15 128 7.43415
9
16 14 6.4774
16 15 3.81907
16 17 3.8186
16 18 5.31732
16 19 5.2282
16 20 5.98659
16 172 7.54467
16 175 6.86745
16 176 6.67451
12
17 15 7.02863
17 16 3.8186
17 18 3.784
17 19 5.7303
17 20 5.30394
17 21 6.12514
17 171 7.77723
17 172 4.24299
17 173 5.90154
17 174 7.58952
17 175 5.92842
17 176 7.28863
7
18 16 5.31732
18 17 3.784
18 19 3.81354
18 20 5.48134
18 21 5.10898
18 22 6.17625
18 172 7.04219
8
19 15 6.12894
19 16 5.2282
19 17 5.7303
19 18 3.81354
19 20 3.8261
19 21 5.36363
19 22 4.90673
19 23 6.13068
10
20 15 6.38357
20 16 5.98659
20 17 5.30394
20 18 5.48134
20 19 3.8261
20 21 3.82087
20 22 5.40542
20 23 5.05
20 24 6.32443
20 172 6.47894
11
21 17 6.12514
21 18 5.10898
21 19 5.36363
21 20 3.82087
21 22 3.81847
21 23 5.38848
21 24 5.22865
21 25 6.18201
21 168 6.96542
21 169 7.60995
21 172 6.33794
8
22 18 6.17625
22 19 4.90673
22 20 5.40542
22 21 3.81847
22 23 3.79525
22 24 5.5588
22 25 5.17855
22 26 6.12857
9
23 10 7.73549
23 19 6.13068
23 20 5.05
23 21 5.38848
23 22 3.79525
23 24 3.7983
23 25 5.48446
23 26 5.14565
23 27 6.08813
12
24 20 6.32443
24 21 5.22865
24 22 5.5588
24 23 3.7983
24 25 3.82464
24 26 5.4071
24 27 4.96979
24 28 6.27897
24 158 7.22205
24 161 7.30277
24 162 5.86871
24 168 7.56955
9
25 21 6.18201
25 22 5.17855
25 23 5.48446
25 24 3.82464
25 26 3.79514
25 27 5.42873
25 28 5.24666
25 29 6.51887
25 162 7.65204
8
26 22 6.12857
26 23 5.14565
26 24 5.4071
26 25 3.79514
26 27 3.78513
26 28 5.41724
26 29 5.13298
26 30 6.21813
10
27 8 7.60461
27 23 6.08813
27 24 4.96979
27 25 5.42873
27 26 3.78513
27 28 3.81727
27 29 5.36931
27 30 4.94413
27 31 6.16917
27 162 7.44072
12
28 24 6.27897
28 25 5.24666
28 26 5.41724
28 27 3.81727
28 29 3.78135
28 30 5.43274
28 31 5.15299
28 32 6.24293
28 40 6.74532
28 162 6.42247
28 234 7.17669
28 235 6.4973
8
29 25 6.51887
29 26 5.13298
29 27 5.36931
29 28 3.78135
29 30 3.84237
29 31 5.42469
29 32 5.2758
29 40 6.81111
6
30 26 6.21813
30 27 4.94413
30 28 5.43274
30 29 3.84237
30 31 3.78712
30 32 5.67275
9
31 27 6.16917
31 28 5.15299
31 29 5.42469
31 30 3.78712
31 32 3.79038
31 33 6.71448
31 40 7.64756
31 42 6.3262
31 71 6.71959
12
32 28 6.24293
32 29 5.2758
32 30 5.67275
32 31 3.79038
32 33 3.7782
32 34 5.67301
32 35 7.22776
32 40 4.90792
32 41 5.43054
32 42 5.28167
32 43 7.21673
32 235 7.805
8
33 31 6.71448
33 32 3.7782
33 34 3.79746
33 35 7.08327
33 40 6.93594
33 41 5.87586
33 42 5.62447
33 43 5.62859
7
34 32 5.67301
34 33 3.79746
34 35 3.78261
34 36 7.04211
34 40 5.86329
34 41 5.38283
34 42 7.37131
9
35 32 7.22776
35 33 7.08327
35 34 3.78261
35 36 3.75538
35 37 6.40062
35 38 5.57236
35 39 5.26806
35 40 4.44544
35 41 5.50164
7
36 34 7.04211
36 35 3.75538
36 37 3.85236
36 38 5.34565
36 39 5.15132
36 40 6.38026
36 41 6.87559
4
37 35 6.40062
37 36 3.85236
37 38 3.79091
37 39 5.61206
5
38 35 5.57236
38 36 5.34565
38 37 3.79091
38 39 3.7994
38 40 6.51552
11
39 35 5.26806
39 36 5.15132
39 37 5.61206
39 38 3.7994
39 40 3.78647
39 41 6.60697
39 230 7.93211
39 233 7.60298
39 234 6.39807
39 235 5.90579
39 236 7.34746
15
40 28 6.74532
40 29 6.81111
40 31 7.64756
40 32 4.90792
40 33 6.93594
40 34 5.86329
40 35 4.44544
40 36 6.38026
40 38 6.51552
40 39 3.78647
40 41 3.82356
40 42 6.6247
40 234 7.26546
40 235 4.99061
40 236 6.3273
13
41 32 5.43054
41 33 5.87586
41 34 5.38283
41 35 5.50164
41 36 6.87559
41 39 6.60697
41 40 3.82356
41 42 3.82749
41 43 6.70464
41 235 5.75317
41 236 4.68612
41 237 6.19706
41 238 6.62158
15
42 31 6.3262
42 32 5.28167
42 33 5.62447
42 34 7.37131
42 40 6.6247
42 41 3.82749
42 43 3.78354
42 44 6.65672
42 71 7.17004
42 72 5.52036
42 73 7.57454
42 235 7.06891
42 236 6.06429
42 237 5.41705
42 238 5.8878
11
43 32 7.21673
43 33 5.62859
43 41 6.70464
43 42 3.78354
43 44 3.805
43 45 6.30452
43 46 7.07576
43 71 7.29841
43 72 5.3661
43 237 7.71761
43 238 6.39108
9
44 42 6.65672
44 43 3.805
44 45 3.75415
44 46 5.00157
44 47 6.45909
44 72 6.42931
44 238 5.48729
44 239 6.42975
44 240 6.45123
5
45 43 6.30452
45 44 3.75415
45 46 3.82672
45 47 6.29399
45 240 7.00304
6
46 43 7.07576
46 44 5.00157
46 45 3.82672
46 47 3.81999
46 48 7.27887
46 50 6.24152
7
47 44 6.45909
47 45 6.29399
47 46 3.81999
47 48 3.84362
47 49 6.0187
47 50 5.78665
47 51 7.39489
5
48 46 7.27887
48 47 3.84362
48 49 3.8356
48 50 6.08841
48 51 7.8942
5
49 0 6.50004
49 47 6.0187
49 48 3.8356
49 50 3.79052
49 51 6.15118
8
50 0 7.37449
50 2 7.10376
50 46 6.24152
50 47 5.78665
50 48 6.08841
50 49 3.79052
50 51 3.78883
50 52 6.04966
11
51 0 7.64075
51 1 7.0815
51 2 4.67785
51 3 6.68137
51 47 7.39489
51 48 7.8942
51 49 6.15118
51 50 3.78883
51 52 3.81537
51 53 6.61137
51 70 7.20086
11
52 2 5.30119
52 3 5.19344
52 4 6.55031
52 5 6.78271
52 50 6.04966
52 51 3.81537
52 53 3.80007
52 54 7.20489
52 70 5.99636
52 71 5.47161
52 72 6.88463
14
53 2 5.84034
53 3 5.55049
53 4 4.86256
53 5 5.97276
53 6 7.87857
53 51 6.61137
53 52 3.80007
53 54 3.77916
53 55 6.97669
53 68 6.6104
53 69 5.35645
53 70 4.25359
53 71 4.53672
53 72 7.60607
13
54 3 7.53128
54 4 4.66393
54 5 5.28876
54 6 5.13442
54 7 5.81212
54 52 7.20489
54 53 3.77916
54 55 3.79933
54 56 6.80288
54 68 5.81901
54 69 5.52434
54 70 6.55062
54 71 6.11366
12
55 4 6.51483
55 6 6.38922
55 7 4.56998
55 8 6.40242
55 53 6.97669
55 54 3.79933
55 56 3.81006
55 57 6.33716
55 66 6.40372
55 67 5.61307
55 68 4.59397
55 69 6.28727
12
56 7 5.8629
56 8 5.14679
56 9 5.85233
56 10 7.90465
56 54 6.80288
56 55 3.81006
56 57 3.8086
56 58 6.42089
56 66 5.48877
56 67 5.10328
56 68 6.43304
56 69 7.63307
12
57 7 7.15459
57 8 6.14476
57 9 4.49362
57 10 6.38919
57 55 6.33716
57 56 3.8086
57 58 3.80437
57 59 6.64295
57 64 7.12616
57 65 5.90089
57 66 4.25709
57 67 6.40234
12
58 9 5.84113
58 10 5.15844
58 11 5.88964
58 12 7.06517
58 56 6.42089
58 57 3.80437
58 59 3.77895
58 60 6.95625
58 64 5.69691
58 65 5.55558
58 66 6.22775
58 135 6.69428
13
59 9 7.73779
59 10 6.38556
59 11 4.71818
59 12 6.12973
59 57 6.64295
59 58 3.77895
59 60 3.7886
59 61 6.73499
59 62 6.53199
59 63 5.5749
59 64 4.42687
59 65 6.68229
59 135 6.92164
12
60 11 5.8042
60 12 5.33186
60 13 5.67829
60 58 6.95625
60 59 3.7886
60 61 3.82212
60 62 5.58912
60 63 5.14323
60 64 6.47047
60 132 6.35533
60 135 6.97675
60 136 7.53473
5
61 13 6.84542
61 59 6.73499
61 60 3.82212
61 62 3.8278
61 63 5.62062
5
62 59 6.53199
62 60 5.58912
62 61 3.8278
62 63 3.81995
62 64 6.44126
10
63 59 5.5749
63 60 5.14323
63 61 5.62062
63 62 3.81995
63 64 3.78034
63 65 7.12013
63 82 7.47796
63 135 6.91671
63 136 6.06678
63 139 6.36087
13
64 57 7.12616
64 58 5.69691
64 59 4.42687
64 60 6.47047
64 62 6.44126
64 63 3.78034
64 65 3.72478
64 66 6.83857
64 81 7.88867
64 82 6.18297
64 135 6.30515
64 136 7.31318
64 139 5.68678
14
65 57 5.90089
65 58 5.55558
65 59 6.68229
65 63 7.12013
65 64 3.72478
65 66 3.77125
65 67 6.56012
65 79 6.84565
65 80 5.7232
65 81 6.06253
65 82 6.30403
65 135 6.05149
65 138 6.21139
65 139 5.26371
11
66 55 6.40372
66 56 5.48877
66 57 4.25709
66 58 6.22775
66 64 6.83857
66 65 3.77125
66 67 3.7952
66 68 6.65412
66 79 5.45716
66 80 5.30104
66 81 7.73758
12
67 55 5.61307
67 56 5.10328
67 57 6.40234
67 65 6.56012
67 66 3.7952
67 68 3.81845
67 69 6.39819
67 76 7.24545
67 77 7.62309
67 78 5.76772
67 79 4.16655
67 80 6.53409
13
68 4 7.95367
68 53 6.6104
68 54 5.81901
68 55 4.59397
68 56 6.43304
68 66 6.65412
68 67 3.81845
68 69 3.80035
68 70 7.01681
68 76 6.27088
68 77 5.66559
68 78 5.20803
68 79 5.85272
13
69 53 5.35645
69 54 5.52434
69 55 6.28727
69 56 7.63307
69 67 6.39819
69 68 3.80035
69 70 3.81729
69 71 6.28068
69 74 5.89544
69 75 5.6101
69 76 4.38305
69 77 5.33162
69 78 7.1264
14
70 2 7.87574
70 51 7.20086
70 52 5.99636
70 53 4.25359
70 54 6.55062
70 68 7.01681
70 69 3.81729
70 71 3.80808
70 72 5.59405
70 73 5.79127
70 74 4.96656
70 75 5.28178
70 76 6.39666
70 77 6.76645
12
71 31 6.71959
71 42 7.17004
71 43 7.29841
71 52 5.47161
71 53 4.53672
71 54 6.11366
71 69 6.28068
71 70 3.80808
71 72 3.7893
71 73 5.85711
71 74 5.49661
71 75 7.87664
11
72 42 5.52036
72 43 5.3661
72 44 6.42931
72 52 6.88463
72 53 7.60607
72 70 5.59405
72 71 3.7893
72 73 3.81256
72 74 6.01223
72 237 6.84302
72 238 7.52925
7
73 42 7.57454
73 70 5.79127
73 71 5.85711
73 72 3.81256
73 74 3.83428
73 75 5.46667
73 237 6.21408
8
74 69 5.89544
74 70 4.96656
74 71 5.49661
74 72 6.01223
74 73 3.83428
74 75 3.79308
74 76 6.45413
74 159 5.9991
10
75 69 5.6101
75 70 5.28178
75 71 7.87664
75 73 5.46667
75 74 3.79308
75 76 3.80609
75 77 6.28115
75 108 6.82601
75 155 7.98957
75 159 7.34953
12
76 67 7.24545
76 68 6.27088
76 69 4.38305
76 70 6.39666
76 74 6.45413
76 75 3.80609
76 77 3.82565
76 78 6.11999
76 90 7.724
76 108 6.17512
76 155 6.82704
76 159 7.99785
14
77 67 7.62309
77 68 5.66559
77 69 5.33162
77 70 6.76645
77 75 6.28115
77 76 3.82565
77 78 3.80327
77 79 7.30322
77 89 5.79058
77 90 5.36661
77 91 7.91812
77 93 7.80055
77 97 7.9233
77 108 7.05882
12
78 67 5.76772
78 68 5.20803
78 69 7.1264
78 76 6.11999
78 77 3.80327
78 79 3.76881
78 80 7.09948
78 87 6.80436
78 88 5.35798
78 89 4.09581
78 90 5.67236
78 98 7.58754
12
79 65 6.84565
79 66 5.45716
79 67 4.16655
79 68 5.85272
79 77 7.30322
79 78 3.76881
79 80 3.78172
79 81 6.81313
79 87 5.67709
79 88 5.47882
79 89 6.67756
79 138 7.80145
13
80 65 5.7232
80 66 5.30104
80 67 6.53409
80 78 7.09948
80 79 3.78172
80 81 3.81355
80 82 6.51369
80 85 5.68879
80 86 5.55697
80 87 4.4633
80 88 6.30184
80 138 7.7628
80 139 7.37315
15
81 64 7.88867
81 65 6.06253
81 66 7.73758
81 79 6.81313
81 80 3.81355
81 82 3.81702
81 83 6.02684
81 84 6.74909
81 85 5.12797
81 86 5.33776
81 87 6.49145
81 88 7.87638
81 138 6.37259
81 139 4.74339
81 140 5.991
11
82 63 7.47796
82 64 6.18297
82 65 6.30403
82 80 6.51369
82 81 3.81702
82 83 3.8152
82 84 5.9889
82 85 5.28157
82 86 7.56147
82 139 4.96209
82 140 6.54186
7
83 81 6.02684
83 82 3.8152
83 84 3.78389
83 85 5.78325
83 86 7.73238
83 139 7.55389
83 140 7.1478
5
84 81 6.74909
84 82 5.9889
84 83 3.78389
84 85 3.84855
84 86 5.46339
7
85 80 5.68879
85 81 5.12797
85 82 5.28157
85 83 5.78325
85 84 3.84855
85 86 3.81832
85 87 6.40443
10
86 80 5.55697
86 81 5.33776
86 82 7.56147
86 83 7.73238
86 84 5.46339
86 85 3.81832
86 87 3.822
86 88 6.61821
86 101 6.92871
86 102 7.93158
12
87 78 6.80436
87 79 5.67709
87 80 4.4633
87 81 6.49145
87 85 6.40443
87 86 3.822
87 88 3.79135
87 89 6.49651
87 98 7.4608
87 100 7.05379
87 101 4.64639
87 102 6.37675
12
88 78 5.35798
88 79 5.47882
88 80 6.30184
88 81 7.87638
88 86 6.61821
88 87 3.79135
88 89 3.78539
88 90 6.91115
88 101 5.20645
88 102 4.89408
88 103 5.77763
88 104 6.30263
14
89 77 5.79058
89 78 4.09581
89 79 6.67756
89 87 6.49651
89 88 3.78539
89 90 3.81536
89 91 6.56366
89 96 7.77102
89 97 7.84779
89 98 6.90333
89 101 5.94417
89 102 6.02312
89 103 4.79003
89 104 5.76728
13
90 76 7.724
90 77 5.36661
90 78 5.67236
90 88 6.91115
90 89 3.81536
90 91 3.79428
90 92 6.76176
90 103 5.98164
90 104 5.28486
90 105 7.35358
90 106 5.83511
90 107 4.75744
90 108 6.18986
11
91 77 7.91812
91 89 6.56366
91 90 3.79428
91 92 3.87032
91 93 6.4419
91 103 6.5119
91 104 6.51232
91 105 7.02123
91 106 5.55548
91 107 4.2283
91 108 7.20583
6
92 90 6.76176
92 91 3.87032
92 93 3.8933
92 94 6.76735
92 107 5.91154
92 108 7.89139
7
93 77 7.80055
93 91 6.4419
93 92 3.8933
93 94 3.8201
93 95 7.7474
93 96 7.58596
93 97 6.61169
6
94 0 7.53696
94 92 6.76735
94 93 3.8201
94 95 4.68169
94 96 5.75289
94 97 5.65536
4
95 93 7.7474
95 94 4.68169
95 96 3.81728
95 97 6.54207
11
96 0 7.97781
96 1 6.80963
96 89 7.77102
96 93 7.58596
96 94 5.75289
96 95 3.81728
96 97 3.81767
96 98 5.2502
96 99 6.03313
96 100 7.68764
96 101 6.99999
11
97 0 6.63615
97 1 4.32365
97 2 5.37928
97 77 7.9233
97 89 7.84779
97 93 6.61169
97 94 5.65536
97 95 6.54207
97 96 3.81767
97 98 3.82055
97 99 6.3606
10
98 1 5.64131
98 2 6.60793
98 78 7.58754
98 87 7.4608
98 89 6.90333
98 96 5.2502
98 97 3.82055
98 99 3.80223
98 100 6.35279
98 101 5.67818
6
99 1 6.53635
99 96 6.03313
99 97 6.3606
99 98 3.80223
99 100 3.79287
99 101 5.60051
6
100 87 7.05379
100 96 7.68764
100 98 6.35279
100 99 3.79287
100 101 3.80647
100 102 6.83716
10
101 86 6.92871
101 87 4.64639
101 88 5.20645
101 89 5.94417
101 96 6.99999
101 98 5.67818
101 99 5.60051
101 100 3.80647
101 102 3.79214
101 103 6.3137
8
102 86 7.93158
102 87 6.37675
102 88 4.89408
102 89 6.02312
102 100 6.83716
102 101 3.79214
102 103 3.80261
102 104 6.49715
8
103 88 5.77763
103 89 4.79003
103 90 5.98164
103 91 6.5119
103 101 6.3137
103 102 3.80261
103 104 3.7861
103 105 6.61168
9
104 88 6.30263
104 89 5.76728
104 90 5.28486
104 91 6.51232
104 102 6.49715
104 103 3.7861
104 105 3.80838
104 106 5.45572
104 107 7.60951
7
105 90 7.35358
105 91 7.02123
105 103 6.61168
105 104 3.80838
105 106 3.79211
105 107 7.21002
105 116 7.87557
9
106 90 5.83511
106 91 5.55548
106 104 5.45572
106 105 3.79211
106 107 3.77179
106 108 6.87016
106 112 5.79196
106 113 6.48757
106 116 6.85734
10
107 90 4.75744
107 91 4.2283
107 92 5.91154
107 104 7.60951
107 105 7.21002
107 106 3.77179
107 108 3.82911
107 109 5.73156
107 112 5.96129
107 113 6.84514
12
108 75 6.82601
108 76 6.17512
108 77 7.05882
108 90 6.18986
108 91 7.20583
108 92 7.89139
108 106 6.87016
108 107 3.82911
108 109 3.80863
108 110 6.37964
108 112 6.81513
108 113 6.36708
6
109 107 5.73156
109 108 3.80863
109 110 3.79836
109 111 5.42134
109 112 5.37055
109 113 6.13015
8
110 108 6.37964
110 109 3.79836
110 111 3.82074
110 112 5.33987
110 113 4.80731
110 114 5.60186
110 121 7.22631
110 152 7.49091
6
111 109 5.42134
111 110 3.82074
111 112 3.81891
111 113 5.6414
111 114 5.35288
111 115 6.26394
10
112 106 5.79196
112 107 5.96129
112 108 6.81513
112 109 5.37055
112 110 5.33987
112 111 3.81891
112 113 3.80106
112 114 5.50508
112 115 5.18055
112 116 6.20927
15
113 106 6.48757
113 107 6.84514
113 108 6.36708
113 109 6.13015
113 110 4.80731
113 111 5.6414
113 112 3.80106
113 114 3.80263
113 115 5.43107
113 116 5.08324
113 117 5.87642
113 148 5.51478
113 149 7.27226
113 151 7.86878
113 152 6.8568
14
114 110 5.60186
114 111 5.35288
114 112 5.50508
114 113 3.80263
114 115 3.82146
114 116 5.4628
114 117 4.8636
114 118 5.67913
114 119 5.29967
114 120 5.36333
114 121 6.31364
114 148 7.31365
114 149 7.40781
114 152 7.8891
9
115 111 6.26394
115 112 5.18055
115 113 5.43107
115 114 3.82146
115 116 3.81494
115 117 5.38371
115 118 4.78293
115 119 6.72613
115 120 7.91385
13
116 105 7.87557
116 106 6.85734
116 112 6.20927
116 113 5.08324
116 114 5.4628
116 115 3.81494
116 117 3.80494
116 118 5.3447
116 119 7.89205
116 144 6.47721
116 145 5.69501
116 148 5.87834
116 149 7.93
13
117 113 5.87642
117 114 4.8636
117 115 5.38371
117 116 3.80494
117 118 3.81735
117 119 5.09614
117 120 7.83261
117 144 7.03444
117 145 4.19969
117 146 6.79987
117 147 7.56578
117 148 4.93258
117 149 5.00614
7
118 114 5.67913
118 115 4.78293
118 116 5.3447
118 117 3.81735
118 119 3.81029
118 120 7.04987
118 145 6.63262
10
119 114 5.29967
119 115 6.72613
119 116 7.89205
119 117 5.09614
119 118 3.81029
119 120 3.8185
119 121 6.67085
119 123 6.79793
119 124 7.36215
119 149 7.55138
9
120 114 5.36333
120 115 7.91385
120 117 7.83261
120 118 7.04987
120 119 3.8185
120 121 3.82765
120 122 5.35349
120 123 5.20188
120 124 6.75063
8
121 110 7.22631
121 114 6.31364
121 119 6.67085
121 120 3.82765
121 122 3.80839
121 123 5.52711
121 124 5.61591
121 152 7.20817
8
122 120 5.35349
122 121 3.80839
122 123 3.83839
122 124 5.63791
122 182 6.38107
122 183 5.93534
122 184 7.57461
122 185 7.13721
7
123 119 6.79793
123 120 5.20188
123 121 5.52711
123 122 3.83839
123 124 3.80665
123 125 6.68275
123 182 6.91879
10
124 119 7.36215
124 120 6.75063
124 121 5.61591
124 122 5.63791
124 123 3.80665
124 125 3.80158
124 126 6.6024
124 149 7.87468
124 153 7.68059
124 182 6.65492
10
125 123 6.68275
125 124 3.80158
125 126 3.80947
125 127 6.06642
125 130 6.05325
125 153 7.68213
125 180 5.15293
125 181 5.15752
125 182 5.42849
125 183 7.922
16
126 124 6.6024
126 125 3.80947
126 127 3.78301
126 128 6.92291
126 129 7.92845
126 130 5.581
126 131 6.78918
126 153 6.1649
126 156 7.74918
126 157 6.95372
126 171 7.01244
126 175 7.69009
126 180 7.0294
126 181 5.30462
126 182 6.30494
126 183 7.51032
13
127 125 6.06642
127 126 3.78301
127 128 3.821
127 129 5.48616
127 130 5.22445
127 131 6.3731
127 171 6.8649
127 174 6.57529
127 175 4.66593
127 176 6.65269
127 177 6.7719
127 180 6.57704
127 181 5.53626
11
128 12 7.27827
128 15 7.43415
128 126 6.92291
128 127 3.821
128 129 3.80033
128 130 5.38231
128 131 5.05177
128 132 6.15393
128 175 5.25145
128 176 5.87544
128 177 7.65839
9
129 126 7.92845
129 127 5.48616
129 128 3.80033
129 130 3.83682
129 131 5.46827
129 132 5.06532
129 133 6.28147
129 176 7.9258
129 178 7.70852
10
130 125 6.05325
130 126 5.581
130 127 5.22445
130 128 5.38231
130 129 3.83682
130 131 3.79482
130 132 5.37221
130 133 5.0537
130 134 6.11252
130 153 7.30629
13
131 12 7.39679
131 126 6.78918
131 127 6.3731
131 128 5.05177
131 129 5.46827
131 130 3.79482
131 132 3.79173
131 133 5.35975
131 134 4.92192
131 135 6.40092
131 150 7.89607
131 153 6.59957
131 154 7.14487
11
132 12 6.43947
132 13 7.63782
132 60 6.35533
132 128 6.15393
132 129 5.06532
132 130 5.37221
132 131 3.79173
132 133 3.79456
132 134 5.41786
132 135 5.49472
132 136 6.38889
9
133 129 6.28147
133 130 5.0537
133 131 5.35975
133 132 3.79456
133 134 3.7908
133 135 5.55979
133 136 5.06646
133 137 6.17298
133 150 7.63643
13
134 130 6.11252
134 131 4.92192
134 132 5.41786
134 133 3.7908
134 135 3.78532
134 136 5.41493
134 137 5.22953
134 138 6.08194
134 149 7.70834
134 150 4.44245
134 151 7.38021
134 153 6.80643
134 154 7.33529
15
135 58 6.69428
135 59 6.92164
135 60 6.97675
135 63 6.91671
135 64 6.30515
135 65 6.05149
135 131 6.40092
135 132 5.49472
135 133 5.55979
135 134 3.78532
135 136 3.82883
135 137 5.45194
135 138 5.11397
135 139 5.97126
135 150 7.32798
11
136 60 7.53473
136 63 6.06678
136 64 7.31318
136 132 6.38889
136 133 5.06646
136 134 5.41493
136 135 3.82883
136 137 3.78163
136 138 5.63835
136 139 5.30666
136 140 6.88095
11
137 133 6.17298
137 134 5.22953
137 135 5.45194
137 136 3.78163
137 138 3.79446
137 139 5.39638
137 140 5.59196
137 141 5.07588
137 146 6.40626
137 147 6.71425
137 150 6.89456
15
138 65 6.21139
138 79 7.80145
138 80 7.7628
138 81 6.37259
138 134 6.08194
138 135 5.11397
138 136 5.63835
138 137 3.79446
138 139 3.81091
138 140 5.54228
138 141 5.83292
138 146 7.79338
138 147 6.00269
138 150 6.72528
138 151 7.99139
13
139 63 6.36087
139 64 5.68678
139 65 5.26371
139 80 7.37315
139 81 4.74339
139 82 4.96209
139 83 7.55389
139 135 5.97126
139 136 5.30666
139 137 5.39638
139 138 3.81091
139 140 3.85242
139 141 6.55479
9
140 81 5.991
140 82 6.54186
140 83 7.1478
140 136 6.88095
140 137 5.59196
140 138 5.54228
140 139 3.85242
140 141 3.79445
140 142 6.6556
8
141 137 5.07588
141 138 5.83292
141 139 6.55479
141 140 3.79445
141 142 3.82414
141 143 5.46004
141 146 6.7783
141 147 6.73161
6
142 140 6.6556
142 141 3.82414
142 143 3.79993
142 144 6.43163
142 146 7.86851
142 147 7.27521
6
143 141 5.46004
143 142 3.79993
143 144 3.79792
143 145 5.64287
143 146 5.44133
143 147 6.18204
8
144 116 6.47721
144 117 7.03444
144 142 6.43163
144 143 3.79792
144 145 3.83381
144 146 5.57617
144 147 5.15833
144 148 6.0535
9
145 116 5.69501
145 117 4.19969
145 118 6.63262
145 143 5.64287
145 144 3.83381
145 146 3.82907
145 147 5.46529
145 148 5.24766
145 149 5.98619
12
146 117 6.79987
146 137 6.40626
146 138 7.79338
146 141 6.7783
146 142 7.86851
146 143 5.44133
146 144 5.57617
146 145 3.82907
146 147 3.80962
146 148 5.62587
146 149 5.2925
146 150 6.03592
13
147 117 7.56578
147 137 6.71425
147 138 6.00269
147 141 6.73161
147 142 7.27521
147 143 6.18204
147 144 5.15833
147 145 5.46529
147 146 3.80962
147 148 3.79472
147 149 5.56846
147 150 5.22242
147 151 6.1535
12
148 113 5.51478
148 114 7.31365
148 116 5.87834
148 117 4.93258
148 144 6.0535
148 145 5.24766
148 146 5.62587
148 147 3.79472
148 149 3.81261
148 150 5.40508
148 151 5.07141
148 152 6.26282
15
149 113 7.27226
149 114 7.40781
149 116 7.93
149 117 5.00614
149 119 7.55138
149 124 7.87468
149 134 7.70834
149 145 5.98619
149 146 5.2925
149 147 5.56846
149 148 3.81261
149 150 3.75304
149 151 5.46329
149 152 5.13519
149 153 6.51055
14
150 131 7.89607
150 133 7.63643
150 134 4.44245
150 135 7.32798
150 137 6.89456
150 138 6.72528
150 146 6.03592
150 147 5.22242
150 148 5.40508
150 149 3.75304
150 151 3.82275
150 152 5.33878
150 153 5.12263
150 154 6.37126
11
151 113 7.86878
151 134 7.38021
151 138 7.99139
151 147 6.1535
151 148 5.07141
151 149 5.46329
151 150 3.82275
151 152 3.81885
151 153 5.3741
151 154 5.04414
151 155 5.90921
12
152 110 7.49091
152 113 6.8568
152 114 7.8891
152 121 7.20817
152 148 6.26282
152 149 5.13519
152 150 5.33878
152 151 3.81885
152 153 3.79819
152 154 5.49105
152 155 5.05888
152 156 5.99381
14
153 124 7.68059
153 125 7.68213
153 126 6.1649
153 130 7.30629
153 131 6.59957
153 134 6.80643
153 149 6.51055
153 150 5.12263
153 151 5.3741
153 152 3.79819
153 154 3.81027
153 155 5.52586
153 156 5.24456
153 157 6.00345
11
154 131 7.14487
154 134 7.33529
154 150 6.37126
154 151 5.04414
154 152 5.49105
154 153 3.81027
154 155 3.82536
154 156 5.50016
154 157 5.27913
154 158 5.80272
154 159 7.42192
11
155 75 7.98957
155 76 6.82704
155 151 5.90921
155 152 5.05888
155 153 5.52586
155 154 3.82536
155 156 3.81257
155 157 5.71948
155 158 5.52852
155 159 4.92848
155 160 6.40476
10
156 126 7.74918
156 152 5.99381
156 153 5.24456
156 154 5.50016
156 155 3.81257
156 157 3.76849
156 158 5.69155
156 159 5.7205
156 160 4.86639
156 161 6.42365
11
157 126 6.95372
157 153 6.00345
157 154 5.27913
157 155 5.71948
157 156 3.76849
157 158 3.80609
157 159 6.22822
157 160 6.24621
157 161 5.44337
157 168 7.45252
157 171 7.0262
9
158 24 7.22205
158 154 5.80272
158 155 5.52852
158 156 5.69155
158 157 3.80609
158 159 3.80886
158 160 5.88063
158 161 5.25797
158 162 5.81862
12
159 74 5.9991
159 75 7.34953
159 76 7.99785
159 154 7.42192
159 155 4.92848
159 156 5.7205
159 157 6.22822
159 158 3.80886
159 160 3.79632
159 161 5.49473
159 162 5.13925
159 163 6.30017
12
160 155 6.40476
160 156 4.86639
160 157 6.24621
160 158 5.88063
160 159 3.79632
160 161 3.83746
160 162 5.3661
160 163 4.99345
160 164 6.21228
160 167 6.80457
160 168 7.71115
160 192 6.73555
16
161 24 7.30277
161 156 6.42365
161 157 5.44337
161 158 5.25797
161 159 5.49473
161 160 3.83746
161 162 3.82911
161 163 5.42134
161 164 5.34908
161 165 6.77646
161 166 7.77799
161 167 4.94694
161 168 4.15499
161 169 7.90765
161 171 7.70078
161 234 7.99364
14
162 24 5.86871
162 25 7.65204
162 27 7.44072
162 28 6.42247
162 158 5.81862
162 159 5.13925
162 160 5.3661
162 161 3.82911
162 163 3.81728
162 164 5.77886
162 165 7.40681
162 168 6.70859
162 234 5.91031
162 235 6.78916
11
163 159 6.30017
163 160 4.99345
163 161 5.42134
163 162 3.81728
163 164 3.84315
163 165 6.99698
163 195 7.44765
163 233 5.81084
163 234 4.8897
163 235 5.21283
163 236 7.24188
13
164 160 6.21228
164 161 5.34908
164 162 5.77886
164 163 3.84315
164 165 3.78518
164 166 5.59687
164 167 5.36598
164 168 6.3829
164 191 7.44793
164 232 5.90164
164 233 4.59664
164 234 4.82795
164 235 7.27733
12
165 161 6.77646
165 162 7.40681
165 163 6.99698
165 164 3.78518
165 166 3.81711
165 167 5.5114
165 168 5.29755
165 169 6.1968
165 231 7.90919
165 232 5.68
165 233 5.79004
165 234 5.26306
9
166 161 7.77799
166 164 5.59687
166 165 3.81711
166 167 3.8285
166 168 5.54767
166 169 5.02324
166 170 6.02721
166 187 7.83168
166 232 6.83548
10
167 160 6.80457
167 161 4.94694
167 164 5.36598
167 165 5.5114
167 166 3.8285
167 168 3.82889
167 169 5.3455
167 170 5.00878
167 171 6.28139
167 187 6.8164
14
168 21 6.96542
168 24 7.56955
168 157 7.45252
168 160 7.71115
168 161 4.15499
168 162 6.70859
168 164 6.3829
168 165 5.29755
168 166 5.54767
168 167 3.82889
168 169 3.81972
168 170 5.49491
168 171 5.37518
168 172 6.08448
10
169 21 7.60995
169 161 7.90765
169 165 6.1968
169 166 5.02324
169 167 5.3455
169 168 3.81972
169 170 3.77226
169 171 5.51565
169 172 5.05138
169 173 6.01449
9
170 166 6.02721
170 167 5.00878
170 168 5.49491
170 169 3.77226
170 171 3.77521
170 172 5.50007
170 173 5.43078
170 174 6.40141
170 183 7.9678
14
171 17 7.77723
171 126 7.01244
171 127 6.8649
171 157 7.0262
171 161 7.70078
171 167 6.28139
171 168 5.37518
171 169 5.51565
171 170 3.77521
171 172 3.8263
171 173 5.6296
171 174 5.39501
171 175 5.62674
171 181 7.69176
12
172 16 7.54467
172 17 4.24299
172 18 7.04219
172 20 6.47894
172 21 6.33794
172 168 6.08448
172 169 5.05138
172 170 5.50007
172 171 3.8263
172 173 3.79704
172 174 5.54441
172 175 5.17854
8
173 17 5.90154
173 169 6.01449
173 170 5.43078
173 171 5.6296
173 172 3.79704
173 174 3.83651
173 175 5.81669
173 176 7.99806
10
174 17 7.58952
174 127 6.57529
174 170 6.40141
174 171 5.39501
174 172 5.54441
174 173 3.83651
174 175 3.80135
174 176 5.92743
174 177 5.53087
174 181 6.35139
12
175 16 6.86745
175 17 5.92842
175 126 7.69009
175 127 4.66593
175 128 5.25145
175 171 5.62674
175 172 5.17854
175 173 5.81669
175 174 3.80135
175 176 3.80119
175 177 5.55196
175 181 7.66559
10
176 16 6.67451
176 17 7.28863
176 127 6.65269
176 128 5.87544
176 129 7.9258
176 173 7.99806
176 174 5.92743
176 175 3.80119
176 177 3.81984
176 178 6.50278
9
177 127 6.7719
177 128 7.65839
177 174 5.53087
177 175 5.55196
177 176 3.81984
177 178 3.8107
177 179 5.44944
177 180 7.25963
177 181 7.49073
5
178 129 7.70852
178 176 6.50278
178 177 3.8107
178 179 3.82258
178 180 6.79784
4
179 177 5.44944
179 178 3.82258
179 180 3.82446
179 181 6.56999
8
180 125 5.15293
180 126 7.0294
180 127 6.57704
180 177 7.25963
180 178 6.79784
180 179 3.82446
180 181 3.7897
180 182 6.26859
11
181 125 5.15752
181 126 5.30462
181 127 5.53626
181 171 7.69176
181 174 6.35139
181 175 7.66559
181 177 7.49073
181 179 6.56999
181 180 3.7897
181 182 3.79858
181 183 6.79467
9
182 122 6.38107
182 123 6.91879
182 124 6.65492
182 125 5.42849
182 126 6.30494
182 180 6.26859
182 181 3.79858
182 183 3.78747
182 184 6.27826
10
183 122 5.93534
183 125 7.922
183 126 7.51032
183 170 7.9678
183 181 6.79467
183 182 3.78747
183 184 3.83251
183 185 6.30317
183 187 6.778
183 188 7.12958
7
184 122 7.57461
184 182 6.27826
184 183 3.83251
184 185 3.81691
184 186 5.49758
184 187 5.46742
184 188 6.8007
7
185 122 7.13721
185 183 6.30317
185 184 3.81691
185 186 3.81524
185 187 5.37775
185 188 5.07428
185 189 6.06549
9
186 184 5.49758
186 185 3.81524
186 187 3.81347
186 188 5.37733
186 189 5.13863
186 190 5.12539
186 191 6.9204
186 218 7.40431
186 219 5.83206
11
187 166 7.83168
187 167 6.8164
187 183 6.778
187 184 5.46742
187 185 5.37775
187 186 3.81347
187 188 3.81513
187 189 5.72833
187 190 5.64572
187 191 4.97134
187 192 6.24107
10
188 183 7.12958
188 184 6.8007
188 185 5.07428
188 186 5.37733
188 187 3.81513
188 189 3.78504
188 190 6.05305
188 191 5.8118
188 192 4.99145
188 193 6.43933
9
189 185 6.06549
189 186 5.13863
189 187 5.72833
189 188 3.78504
189 190 3.78599
189 191 5.72451
189 192 6.09795
189 193 5.48432
189 194 7.55097
11
190 186 5.12539
190 187 5.64572
190 188 6.05305
190 189 3.78599
190 191 3.81235
190 192 6.43606
190 193 6.4134
190 194 6.36716
190 217 7.81651
190 218 5.63588
190 219 7.07601
11
191 164 7.44793
191 186 6.9204
191 187 4.97134
191 188 5.8118
191 189 5.72451
191 190 3.81235
191 192 3.80483
191 193 5.66049
191 194 5.32894
191 195 6.20051
191 218 7.55819
9
192 160 6.73555
192 187 6.24107
192 188 4.99145
192 189 6.09795
192 190 6.43606
192 191 3.80483
192 193 3.78463
192 194 5.45474
192 195 5.61975
8
193 188 6.43933
193 189 5.48432
193 190 6.4134
193 191 5.66049
193 192 3.78463
193 194 3.82613
193 195 6.00361
193 196 7.72156
9
194 189 7.55097
194 190 6.36716
194 191 5.32894
194 192 5.45474
194 193 3.82613
194 195 3.83919
194 196 5.5448
194 197 5.16001
194 198 5.79001
11
195 163 7.44765
195 191 6.20051
195 192 5.61975
195 193 6.00361
195 194 3.83919
195 196 3.79259
195 197 5.53838
195 198 5.15936
195 199 5.89453
195 236 7.9707
195 237 7.75411
8
196 193 7.72156
196 194 5.5448
196 195 3.79259
196 197 3.83212
196 198 5.61488
196 199 5.25344
196 200 6.32054
196 237 6.49083
7
197 194 5.16001
197 195 5.53838
197 196 3.83212
197 198 3.83526
197 199 5.49864
197 200 5.17774
197 201 6.24846
9
198 194 5.79001
198 195 5.15936
198 196 5.61488
198 197 3.83526
198 199 3.82034
198 200 5.35296
198 201 5.04152
198 202 6.15742
198 229 7.462
11
199 195 5.89453
199 196 5.25344
199 197 5.49864
199 198 3.82034
199 200 3.79039
199 201 5.55312
199 202 5.25503
199 203 6.23949
199 236 5.22994
199 237 5.33463
199 238 7.01016
12
200 196 6.32054
200 197 5.17774
200 198 5.35296
200 199 3.79039
200 201 3.81324
200 202 5.44022
200 203 5.32167
200 204 5.77408
200 237 7.26965
200 238 7.09073
200 239 6.73509
200 242 6.79652
10
201 197 6.24846
201 198 5.04152
201 199 5.55312
201 200 3.81324
201 202 3.82483
201 203 5.72641
201 204 5.24605
201 205 5.90091
201 213 6.78275
201 226 7.09602
12
202 198 6.15742
202 199 5.25503
202 200 5.44022
202 201 3.82483
202 203 3.81221
202 204 5.57428
202 205 5.15822
202 206 6.36382
202 226 5.35115
202 227 7.66089
202 229 7.45131
202 230 6.65542
10
203 199 6.23949
203 200 5.32167
203 201 5.72641
203 202 3.81221
203 204 3.8142
203 205 5.34683
203 206 5.0463
203 207 6.13179
203 238 7.40198
203 242 6.12008
10
204 200 5.77408
204 201 5.24605
204 202 5.57428
204 203 3.8142
204 205 3.83433
204 206 5.41489
204 207 5.04547
204 208 5.53791
204 211 6.61783
204 242 5.24637
12
205 201 5.90091
205 202 5.15822
205 203 5.34683
205 204 3.83433
205 206 3.83258
205 207 5.57111
205 208 5.66494
205 209 6.91982
205 211 5.92893
205 212 7.32965
205 213 6.67484
205 226 6.73704
7
206 202 6.36382
206 203 5.0463
206 204 5.41489
206 205 3.83258
206 207 3.8106
206 208 6.13598
206 209 7.64724
9
207 203 6.13179
207 204 5.04547
207 205 5.57111
207 206 3.8106
207 208 3.7759
207 209 6.63626
207 242 6.99245
207 243 7.47227
207 246 6.90242
10
208 204 5.53791
208 205 5.66494
208 206 6.13598
208 207 3.7759
208 209 3.80742
208 210 5.39182
208 211 5.45527
208 245 7.91023
208 246 4.68951
208 247 6.29954
8
209 205 6.91982
209 206 7.64724
209 207 6.63626
209 208 3.80742
209 210 3.82063
209 211 5.6104
209 246 6.98767
209 247 6.77464
6
210 208 5.39182
210 209 3.82063
210 211 3.80817
210 212 6.34046
210 246 7.00131
210 247 5.0811
8
211 204 6.61783
211 205 5.92893
211 208 5.45527
211 209 5.6104
211 210 3.80817
211 212 3.79634
211 213 6.42358
211 247 7.41275
5
212 205 7.32965
212 210 6.34046
212 211 3.79634
212 213 3.81159
212 214 6.25572
8
213 201 6.78275
213 205 6.67484
213 211 6.42358
213 212 3.81159
213 214 3.77
213 215 6.44261
213 225 6.73642
213 226 6.77183
6
214 212 6.25572
214 213 3.77
214 215 3.79805
214 216 6.38941
214 224 7.27524
214 225 7.72123
8
215 213 6.44261
215 214 3.79805
215 216 3.8127
215 217 6.90766
215 222 6.58191
215 223 5.44135
215 224 4.43513
215 225 6.43079
7
216 214 6.38941
216 215 3.8127
216 217 3.78971
216 218 6.5085
216 222 5.78454
216 223 5.09263
216 224 6.65072
9
217 190 7.81651
217 215 6.90766
217 216 3.78971
217 218 3.83418
217 219 6.79207
217 220 5.95452
217 221 5.34353
217 222 4.48553
217 223 5.83518
10
218 186 7.40431
218 190 5.63588
218 191 7.55819
218 216 6.5085
218 217 3.83418
218 219 3.82608
218 220 5.30847
218 221 5.33249
218 222 6.5273
218 223 7.01736
6
219 186 5.83206
219 190 7.07601
219 217 6.79207
219 218 3.82608
219 220 3.80898
219 221 5.55397
5
220 217 5.95452
220 218 5.30847
220 219 3.80898
220 221 3.82301
220 222 6.84122
6
221 217 5.34353
221 218 5.33249
221 219 5.55397
221 220 3.82301
221 222 3.80112
221 223 6.41873
8
222 215 6.58191
222 216 5.78454
222 217 4.48553
222 218 6.5273
222 220 6.84122
222 221 3.80112
222 223 3.82147
222 224 6.02142
10
223 215 5.44135
223 216 5.09263
223 217 5.83518
223 218 7.01736
223 221 6.41873
223 222 3.82147
223 224 3.7719
223 225 6.00018
223 228 6.17194
223 229 6.24845
9
224 214 7.27524
224 215 4.43513
224 216 6.65072
224 222 6.02142
224 223 3.7719
224 225 3.80383
224 226 7.2027
224 228 6.91999
224 229 7.85006
9
225 213 6.73642
225 214 7.72123
225 215 6.43079
225 223 6.00018
225 224 3.80383
225 226 3.82271
225 227 5.35761
225 228 5.30945
225 229 6.3633
10
226 201 7.09602
226 202 5.35115
226 205 6.73704
226 213 6.77183
226 224 7.2027
226 225 3.82271
226 227 3.81495
226 228 5.41373
226 229 4.92139
226 230 6.02186
7
227 202 7.66089
227 225 5.35761
227 226 3.81495
227 228 3.80099
227 229 5.44674
227 230 5.17598
227 231 6.73989
9
228 223 6.17194
228 224 6.91999
228 225 5.30945
228 226 5.41373
228 227 3.80099
228 229 3.7978
228 230 5.46419
228 231 5.43208
228 232 7.57528
12
229 198 7.462
229 202 7.45131
229 223 6.24845
229 224 7.85006
229 225 6.3633
229 226 4.92139
229 227 5.44674
229 228 3.7978
229 230 3.8175
229 231 5.38858
229 232 5.74167
229 233 7.45469
9
230 39 7.93211
230 202 6.65542
230 226 6.02186
230 227 5.17598
230 228 5.46419
230 229 3.8175
230 231 3.84173
230 232 5.32175
230 233 5.36606
8
231 165 7.90919
231 227 6.73989
231 228 5.43208
231 229 5.38858
231 230 3.84173
231 232 3.82945
231 233 5.62675
231 234 7.86146
9
232 164 5.90164
232 165 5.68
232 166 6.83548
232 228 7.57528
232 229 5.74167
232 230 5.32175
232 231 3.82945
232 233 3.8084
232 234 6.75976
11
233 39 7.60298
233 163 5.81084
233 164 4.59664
233 165 5.79004
233 229 7.45469
233 230 5.36606
233 231 5.62675
233 232 3.8084
233 234 3.76439
233 235 5.45694
233 236 6.63856
13
234 28 7.17669
234 39 6.39807
234 40 7.26546
234 161 7.99364
234 162 5.91031
234 163 4.8897
234 164 4.82795
234 165 5.26306
234 231 7.86146
234 232 6.75976
234 233 3.76439
234 235 3.79606
234 236 6.98614
13
235 28 6.4973
235 32 7.805
235 39 5.90579
235 40 4.99061
235 41 5.75317
235 42 7.06891
235 162 6.78916
235 163 5.21283
235 164 7.27733
235 233 5.45694
235 234 3.79606
235 236 3.82008
235 237 6.91519
12
236 39 7.34746
236 40 6.3273
236 41 4.68612
236 42 6.06429
236 163 7.24188
236 195 7.9707
236 199 5.22994
236 233 6.63856
236 234 6.98614
236 235 3.82008
236 237 3.82722
236 238 6.48508
13
237 41 6.19706
237 42 5.41705
237 43 7.71761
237 72 6.84302
237 73 6.21408
237 195 7.75411
237 196 6.49083
237 199 5.33463
237 200 7.26965
237 235 6.91519
237 236 3.82722
237 238 3.84722
237 239 6.38397
13
238 41 6.62158
238 42 5.8878
238 43 6.39108
238 44 5.48729
238 72 7.52925
238 199 7.01016
238 200 7.09073
238 203 7.40198
238 236 6.48508
238 237 3.84722
238 239 3.80077
238 240 6.46402
238 242 6.97974
8
239 44 6.42975
239 200 6.73509
239 237 6.38397
239 238 3.80077
239 240 3.8763
239 241 5.4797
239 242 5.76139
239 243 7.90132
8
240 44 6.45123
240 45 7.00304
240 238 6.46402
240 239 3.8763
240 241 3.82731
240 242 5.27366
240 243 5.53421
240 244 7.03522
5
241 239 5.4797
241 240 3.82731
241 242 3.83291
241 243 5.32328
241 244 5.13857
10
242 200 6.79652
242 203 6.12008
242 204 5.24637
242 207 6.99245
242 238 6.97974
242 239 5.76139
242 240 5.27366
242 241 3.83291
242 243 3.83715
242 244 5.66311
8
243 207 7.47227
243 239 7.90132
243 240 5.53421
243 241 5.32328
243 242 3.83715
243 244 3.83823
243 245 6.31226
243 246 7.97763
6
244 240 7.03522
244 241 5.13857
244 242 5.66311
244 243 3.83823
244 245 3.77351
244 246 6.21538
6
245 208 7.91023
245 243 6.31226
245 244 3.77351
245 246 3.83337
245 247 6.85643
245 248 6.66447
9
246 207 6.90242
246 208 4.68951
246 209 6.98767
246 210 7.00131
246 243 7.97763
246 244 6.21538
246 245 3.83337
246 247 3.80107
246 248 5.50671
8
247 208 6.29954
247 209 6.77464
247 210 5.0811
247 211 7.41275
247 245 6.85643
247 246 3.80107
247 248 3.76025
247 249 6.45705
5
248 245 6.66447
248 246 5.50671
248 247 3.76025
248 249 3.80167
248 250 6.3952
3
249 247 6.45705
249 248 3.80167
249 250 3.83563
2
250 248 6.3952
250 249 3.83563
