6
0 ASP 0
1 GLU 1
2 HIS 2
3 HIS 3
4 ASN 4
5 ASN 5
4
0 2 8.91675
0 3 7.94986
0 4 8.29751
0 5 6.59256
3
1 2 7.7883
1 3 11.2271
1 4 6.08042
4
2 0 8.91675
2 1 7.7883
2 4 7.96135
2 5 7.94687
4
3 0 7.94986
3 1 11.2271
3 4 6.12821
3 5 10.6278
5
4 0 8.29751
4 1 6.08042
4 2 7.96135
4 3 6.12821
4 5 10.8985
4
5 0 6.59256
5 2 7.94687
5 3 10.6278
5 4 10.8985
