87
0 MET 1
1 PHE 2
2 LYS 3
3 VAL 4
4 TYR 5
5 GLY 6
6 TYR 7
7 ASP 8
8 SER 9
9 ASN 10
10 ILE 11
11 HIS 12
12 LYS 13
13 CYS 14
14 GLY 15
15 PRO 16
16 CYS 17
17 ASP 18
18 ASN 19
19 ALA 20
20 LYS 21
21 ARG 22
22 LEU 23
23 LEU 24
24 THR 25
25 VAL 26
26 LYS 27
27 LYS 28
28 GLN 29
29 PRO 30
30 PHE 31
31 GLU 32
32 PHE 33
33 ILE 34
34 ASN 35
35 ILE 36
36 MET 37
37 PRO 38
38 GLU 39
39 LYS 40
40 GLY 41
41 VAL 42
42 PHE 43
43 ASP 44
44 ASP 45
45 GLU 46
46 LYS 47
47 ILE 48
48 ALA 49
49 GLU 50
50 LEU 51
51 LEU 52
52 THR 53
53 LYS 54
54 LEU 55
55 GLY 56
56 ARG 57
57 ASP 58
58 THR 59
59 GLN 60
60 ILE 61
61 GLY 62
62 LEU 63
63 THR 64
64 MET 65
65 PRO 66
66 GLN 67
67 VAL 68
68 PHE 69
69 ALA 70
70 PRO 71
71 ASP 72
72 GLY 73
73 SER 74
74 HIS 75
75 ILE 76
76 GLY 77
77 GLY 78
78 PHE 79
79 ASP 80
80 GLN 81
81 LEU 82
82 ARG 83
83 GLU 84
84 TYR 85
85 PHE 86
86 LYS 87
8
0 1 3.79243
0 2 6.27926
0 28 7.31526
0 29 5.1959
0 30 4.79372
0 31 6.60265
0 69 7.2689
0 70 4.79456
12
1 0 3.79243
1 2 3.84369
1 3 6.54307
1 28 7.41773
1 29 6.46954
1 30 4.48563
1 31 6.38184
1 67 7.04131
1 68 5.64422
1 69 4.83147
1 70 4.79071
1 72 7.96476
12
2 0 6.27926
2 1 3.84369
2 3 3.81374
2 4 6.6095
2 30 5.60118
2 31 4.98342
2 32 6.02737
2 33 7.37293
2 67 5.73983
2 68 5.16229
2 69 6.81904
2 70 7.49304
15
3 1 6.54307
3 2 3.81374
3 4 3.84012
3 5 6.35279
3 16 7.98766
3 19 7.8772
3 20 7.87613
3 30 7.05851
3 31 6.22481
3 32 4.77543
3 33 6.08104
3 65 6.46599
3 66 5.85768
3 67 4.56564
3 68 6.56242
13
4 2 6.6095
4 3 3.84012
4 5 3.79395
4 6 7.28684
4 32 5.92329
4 33 4.70005
4 34 6.0787
4 35 6.89555
4 50 7.81093
4 64 6.88744
4 65 5.48988
4 66 5.22885
4 67 6.41691
13
5 3 6.35279
5 4 3.79395
5 6 3.78404
5 7 6.80049
5 13 7.67246
5 16 5.8416
5 32 7.24266
5 33 6.27772
5 34 5.25572
5 35 6.0213
5 64 5.08916
5 65 4.5878
5 66 6.75379
15
6 4 7.28684
6 5 3.78404
6 7 3.75707
6 8 5.84225
6 10 7.32074
6 11 6.0043
6 12 7.13264
6 13 6.13024
6 16 6.7694
6 33 7.89975
6 34 5.04252
6 35 5.93907
6 36 6.05482
6 64 7.24845
6 65 7.60662
11
7 5 6.80049
7 6 3.75707
7 8 3.85556
7 9 5.48165
7 10 5.59853
7 11 6.08667
7 12 7.03007
7 13 7.17384
7 16 7.97169
7 34 6.00297
7 36 7.46053
10
8 6 5.84225
8 7 3.85556
8 9 3.79835
8 10 5.25135
8 11 4.75046
8 12 3.92818
8 13 5.24097
8 14 7.44742
8 16 7.98749
8 17 7.50718
5
9 7 5.48165
9 8 3.79835
9 10 3.83551
9 11 5.90864
9 12 6.43337
10
10 6 7.32074
10 7 5.59853
10 8 5.25135
10 9 3.83551
10 11 3.8352
10 12 6.58526
10 36 7.553
10 37 7.68032
10 38 6.2459
10 39 5.77918
9
11 6 6.0043
11 7 6.08667
11 8 4.75046
11 9 5.90864
11 10 3.8352
11 12 3.79868
11 13 6.32817
11 36 7.66757
11 39 7.04213
8
12 6 7.13264
12 7 7.03007
12 8 3.92818
12 9 6.43337
12 10 6.58526
12 11 3.79868
12 13 3.79575
12 14 6.38043
11
13 5 7.67246
13 6 6.13024
13 7 7.17384
13 8 5.24097
13 11 6.32817
13 12 3.79575
13 14 3.80074
13 15 5.61785
13 16 5.24076
13 17 6.52346
13 64 7.60384
7
14 8 7.44742
14 12 6.38043
14 13 3.80074
14 15 3.90658
14 16 5.41791
14 17 5.24713
14 18 6.17503
10
15 13 5.61785
15 14 3.90658
15 16 3.84838
15 17 5.54226
15 18 5.00021
15 19 6.17283
15 64 7.39622
15 65 6.53721
15 77 7.82318
15 78 5.81754
15
16 3 7.98766
16 5 5.8416
16 6 6.7694
16 7 7.97169
16 8 7.98749
16 13 5.24076
16 14 5.41791
16 15 3.84838
16 17 3.84346
16 18 5.46696
16 19 5.2659
16 20 6.61487
16 64 6.61072
16 65 5.07433
16 78 7.15877
9
17 8 7.50718
17 13 6.52346
17 14 5.24713
17 15 5.54226
17 16 3.84346
17 18 3.79386
17 19 5.44446
17 20 5.24768
17 21 6.34004
9
18 14 6.17503
18 15 5.00021
18 16 5.46696
18 17 3.79386
18 19 3.83518
18 20 5.4655
18 21 5.17113
18 22 6.09333
18 78 7.14237
12
19 3 7.8772
19 15 6.17283
19 16 5.2659
19 17 5.44446
19 18 3.83518
19 20 3.82735
19 21 5.53019
19 22 5.21902
19 23 6.3306
19 65 7.65087
19 78 5.46691
19 81 7.25816
10
20 3 7.87613
20 16 6.61487
20 17 5.24768
20 18 5.4655
20 19 3.82735
20 21 3.78121
20 22 5.5421
20 23 5.31203
20 24 6.31585
20 30 7.80864
8
21 17 6.34004
21 18 5.17113
21 19 5.53019
21 20 3.78121
21 22 3.81751
21 23 5.42254
21 24 4.98
21 25 6.19779
9
22 18 6.09333
22 19 5.21902
22 20 5.5421
22 21 3.81751
22 23 3.83662
22 24 5.42261
22 25 5.17186
22 26 6.20703
22 82 7.85741
11
23 19 6.3306
23 20 5.31203
23 21 5.42254
23 22 3.83662
23 24 3.84173
23 25 5.55746
23 26 5.0716
23 27 6.1392
23 28 5.07515
23 29 7.11027
23 30 7.26834
9
24 20 6.31585
24 21 4.98
24 22 5.42261
24 23 3.84173
24 25 3.85734
24 26 5.40135
24 27 4.97139
24 28 5.87332
24 29 7.28706
7
25 21 6.19779
25 22 5.17186
25 23 5.55746
25 24 3.85734
25 26 3.84186
25 27 5.43781
25 28 7.73104
6
26 22 6.20703
26 23 5.0716
26 24 5.40135
26 25 3.84186
26 27 3.85953
26 28 5.53077
6
27 23 6.1392
27 24 4.97139
27 25 5.43781
27 26 3.85953
27 28 3.79375
27 29 6.63668
9
28 0 7.31526
28 1 7.41773
28 23 5.07515
28 24 5.87332
28 25 7.73104
28 26 5.53077
28 27 3.79375
28 29 3.87736
28 30 6.40064
8
29 0 5.1959
29 1 6.46954
29 23 7.11027
29 24 7.28706
29 27 6.63668
29 28 3.87736
29 30 3.79202
29 31 7.12304
10
30 0 4.79372
30 1 4.48563
30 2 5.60118
30 3 7.05851
30 20 7.80864
30 23 7.26834
30 28 6.40064
30 29 3.79202
30 31 3.77836
30 32 6.47635
8
31 0 6.60265
31 1 6.38184
31 2 4.98342
31 3 6.22481
31 29 7.12304
31 30 3.77836
31 32 3.83387
31 33 6.56314
8
32 2 6.02737
32 3 4.77543
32 4 5.92329
32 5 7.24266
32 30 6.47635
32 31 3.83387
32 33 3.83026
32 34 6.38147
10
33 2 7.37293
33 3 6.08104
33 4 4.70005
33 5 6.27772
33 6 7.89975
33 31 6.56314
33 32 3.83026
33 34 3.82194
33 35 6.34433
33 46 7.91809
9
34 4 6.0787
34 5 5.25572
34 6 5.04252
34 7 6.00297
34 32 6.38147
34 33 3.82194
34 35 3.82105
34 36 5.69756
34 37 6.43588
12
35 4 6.89555
35 5 6.0213
35 6 5.93907
35 33 6.34433
35 34 3.82105
35 36 3.83637
35 37 6.24512
35 42 5.79065
35 43 5.25081
35 44 7.81218
35 46 6.16387
35 47 6.76908
13
36 6 6.05482
36 7 7.46053
36 10 7.553
36 11 7.66757
36 34 5.69756
36 35 3.83637
36 37 3.86914
36 38 5.54001
36 39 6.93433
36 40 7.13807
36 41 5.64417
36 42 4.47407
36 43 5.80991
9
37 10 7.68032
37 34 6.43588
37 35 6.24512
37 36 3.86914
37 38 3.83353
37 39 7.11598
37 41 6.53306
37 42 6.69234
37 43 6.74334
7
38 10 6.2459
38 36 5.54001
38 37 3.83353
38 39 3.78459
38 40 6.25531
38 41 5.47128
38 42 7.63932
7
39 10 5.77918
39 11 7.04213
39 36 6.93433
39 37 7.11598
39 38 3.78459
39 40 3.80648
39 41 5.62418
5
40 36 7.13807
40 38 6.25531
40 39 3.80648
40 41 3.86771
40 42 6.63222
7
41 36 5.64417
41 37 6.53306
41 38 5.47128
41 39 5.62418
41 40 3.86771
41 42 3.82395
41 43 6.66759
9
42 35 5.79065
42 36 4.47407
42 37 6.69234
42 38 7.63932
42 40 6.63222
42 41 3.82395
42 43 3.73205
42 44 5.75638
42 47 7.97444
9
43 35 5.25081
43 36 5.80991
43 37 6.74334
43 41 6.66759
43 42 3.73205
43 44 3.78571
43 45 5.59749
43 46 5.55724
43 47 6.49734
7
44 35 7.81218
44 42 5.75638
44 43 3.78571
44 45 3.83205
44 46 5.40191
44 47 5.00026
44 48 6.08746
6
45 43 5.59749
45 44 3.83205
45 46 3.83437
45 47 5.57336
45 48 5.18697
45 49 6.23274
9
46 33 7.91809
46 35 6.16387
46 43 5.55724
46 44 5.40191
46 45 3.83437
46 47 3.85025
46 48 5.41283
46 49 4.94441
46 50 6.1483
10
47 35 6.76908
47 42 7.97444
47 43 6.49734
47 44 5.00026
47 45 5.57336
47 46 3.85025
47 48 3.85789
47 49 5.39963
47 50 5.01391
47 51 6.24513
8
48 44 6.08746
48 45 5.18697
48 46 5.41283
48 47 3.85789
48 49 3.83303
48 50 5.43444
48 51 5.15652
48 52 6.24953
8
49 45 6.23274
49 46 4.94441
49 47 5.39963
49 48 3.83303
49 50 3.81115
49 51 5.49393
49 52 5.08448
49 53 6.29298
9
50 4 7.81093
50 46 6.1483
50 47 5.01391
50 48 5.43444
50 49 3.81115
50 51 3.81413
50 52 5.38682
50 53 5.14328
50 54 6.18127
11
51 47 6.24513
51 48 5.15652
51 49 5.49393
51 50 3.81413
51 52 3.83234
51 53 5.46793
51 54 5.0568
51 55 5.90908
51 56 5.18406
51 57 6.95136
51 59 7.87748
8
52 48 6.24953
52 49 5.08448
52 50 5.38682
52 51 3.83234
52 53 3.79317
52 54 5.45043
52 55 5.06874
52 56 6.5784
8
53 49 6.29298
53 50 5.14328
53 51 5.46793
53 52 3.79317
53 54 3.79808
53 55 5.53806
53 56 7.93859
53 74 7.99605
7
54 50 6.18127
54 51 5.0568
54 52 5.45043
54 53 3.79808
54 55 3.83285
54 56 5.38494
54 74 7.10833
6
55 51 5.90908
55 52 5.06874
55 53 5.53806
55 54 3.83285
55 56 3.83324
55 57 6.94881
8
56 51 5.18406
56 52 6.5784
56 53 7.93859
56 54 5.38494
56 55 3.83324
56 57 3.78478
56 58 5.79696
56 59 7.44891
5
57 51 6.95136
57 55 6.94881
57 56 3.78478
57 58 3.85856
57 59 7.06662
4
58 56 5.79696
58 57 3.85856
58 59 3.84798
58 60 5.62062
7
59 51 7.87748
59 56 7.44891
59 57 7.06662
59 58 3.84798
59 60 3.82278
59 61 6.2747
59 62 5.57685
4
60 58 5.62062
60 59 3.82278
60 61 3.75247
60 62 5.61705
4
61 59 6.2747
61 60 3.75247
61 62 3.80969
61 63 6.31761
5
62 59 5.57685
62 60 5.61705
62 61 3.80969
62 63 3.77987
62 64 6.90226
6
63 61 6.31761
63 62 3.77987
63 64 3.78271
63 65 6.23819
63 66 7.30068
63 77 7.55969
11
64 4 6.88744
64 5 5.08916
64 6 7.24845
64 13 7.60384
64 15 7.39622
64 16 6.61072
64 62 6.90226
64 63 3.78271
64 65 2.97345
64 66 5.46399
64 77 6.71331
14
65 3 6.46599
65 4 5.48988
65 5 4.5878
65 6 7.60662
65 15 6.53721
65 16 5.07433
65 19 7.65087
65 63 6.23819
65 64 2.97345
65 66 3.81928
65 67 6.33732
65 76 7.68832
65 77 5.22022
65 78 6.55786
13
66 3 5.85768
66 4 5.22885
66 5 6.75379
66 63 7.30068
66 64 5.46399
66 65 3.81928
66 67 3.81199
66 68 6.93499
66 74 7.90701
66 75 7.45662
66 76 5.19216
66 77 4.91165
66 78 7.65818
14
67 1 7.04131
67 2 5.73983
67 3 4.56564
67 4 6.41691
67 65 6.33732
67 66 3.81199
67 68 3.8146
67 69 6.7621
67 74 6.31351
67 75 5.44754
67 76 5.36358
67 77 6.01615
67 78 7.63148
67 81 7.39787
13
68 1 5.64422
68 2 5.16229
68 3 6.56242
68 66 6.93499
68 67 3.8146
68 69 3.80963
68 70 6.76776
68 71 7.98765
68 72 5.62859
68 73 5.50923
68 74 4.461
68 75 5.28811
68 76 7.23043
11
69 0 7.2689
69 1 4.83147
69 2 6.81904
69 67 6.7621
69 68 3.80963
69 70 3.88436
69 71 5.51306
69 72 5.25547
69 73 5.38915
69 74 6.34383
69 75 6.37197
8
70 0 4.79456
70 1 4.79071
70 2 7.49304
70 68 6.76776
70 69 3.88436
70 71 3.85379
70 72 5.44383
70 73 7.52771
5
71 68 7.98765
71 69 5.51306
71 70 3.85379
71 72 3.86952
71 73 5.8556
7
72 1 7.96476
72 68 5.62859
72 69 5.25547
72 70 5.44383
72 71 3.86952
72 73 3.82365
72 74 6.5309
7
73 68 5.50923
73 69 5.38915
73 70 7.52771
73 71 5.8556
73 72 3.82365
73 74 3.79749
73 75 6.45036
10
74 53 7.99605
74 54 7.10833
74 66 7.90701
74 67 6.31351
74 68 4.461
74 69 6.34383
74 72 6.5309
74 73 3.79749
74 75 3.81661
74 76 5.8797
11
75 66 7.45662
75 67 5.44754
75 68 5.28811
75 69 6.37197
75 73 6.45036
75 74 3.81661
75 76 3.84036
75 77 6.89279
75 80 6.13462
75 81 6.37541
75 84 7.5463
11
76 65 7.68832
76 66 5.19216
76 67 5.36358
76 68 7.23043
76 74 5.8797
76 75 3.84036
76 77 3.80124
76 78 6.93501
76 79 7.66641
76 80 5.41556
76 81 6.86529
12
77 15 7.82318
77 63 7.55969
77 64 6.71331
77 65 5.22022
77 66 4.91165
77 67 6.01615
77 75 6.89279
77 76 3.80124
77 78 3.79437
77 79 5.47098
77 80 5.35694
77 81 6.33239
13
78 15 5.81754
78 16 7.15877
78 18 7.14237
78 19 5.46691
78 65 6.55786
78 66 7.65818
78 67 7.63148
78 76 6.93501
78 77 3.79437
78 79 3.85024
78 80 5.4082
78 81 4.90631
78 82 6.17464
7
79 76 7.66641
79 77 5.47098
79 78 3.85024
79 80 3.83033
79 81 5.48509
79 82 5.25054
79 83 6.5509
9
80 75 6.13462
80 76 5.41556
80 77 5.35694
80 78 5.4082
80 79 3.83033
80 81 3.81937
80 82 5.45515
80 83 5.06605
80 84 6.09177
12
81 19 7.25816
81 67 7.39787
81 75 6.37541
81 76 6.86529
81 77 6.33239
81 78 4.90631
81 79 5.48509
81 80 3.81937
81 82 3.8577
81 83 5.26658
81 84 4.79168
81 85 6.80838
9
82 22 7.85741
82 78 6.17464
82 79 5.25054
82 80 5.45515
82 81 3.8577
82 83 3.81683
82 84 5.52733
82 85 6.02631
82 86 7.36595
7
83 79 6.5509
83 80 5.06605
83 81 5.26658
83 82 3.81683
83 84 3.79686
83 85 5.5757
83 86 5.51749
7
84 75 7.5463
84 80 6.09177
84 81 4.79168
84 82 5.52733
84 83 3.79686
84 85 3.79674
84 86 5.61045
5
85 81 6.80838
85 82 6.02631
85 83 5.5757
85 84 3.79674
85 86 3.82196
4
86 82 7.36595
86 83 5.51749
86 84 5.61045
86 85 3.82196
