314
0 MET 1A
1 GLU 2A
2 ILE 3A
3 PRO 4A
4 VAL 5A
5 ILE 6A
6 GLU 7A
7 PRO 8A
8 LEU 9A
9 PHE 10A
10 THR 11A
11 LYS 12A
12 VAL 13A
13 THR 14A
14 GLU 15A
15 ASP 16A
16 ILE 17A
17 PRO 18A
18 GLY 19A
19 ALA 20A
20 GLU 21A
21 GLY 22A
22 PRO 23A
23 VAL 24A
24 PHE 25A
25 ASP 26A
26 LYS 27A
27 ASN 28A
28 GLY 29A
29 ASP 30A
30 PHE 31A
31 TYR 32A
32 ILE 33A
33 VAL 34A
34 ALA 35A
35 PRO 36A
36 GLU 37A
37 VAL 38A
38 GLU 39A
39 VAL 40A
40 ASN 41A
41 GLY 42A
42 LYS 43A
43 PRO 44A
44 ALA 45A
45 GLY 46A
46 GLU 47A
47 ILE 48A
48 LEU 49A
49 ARG 50A
50 ILE 51A
51 ASP 52A
52 LEU 53A
53 LYS 54A
54 THR 55A
55 GLY 56A
56 LYS 57A
57 LYS 58A
58 THR 59A
59 VAL 60A
60 ILE 61A
61 CYS 62A
62 LYS 63A
63 PRO 64A
64 GLU 65A
65 VAL 66A
66 ASN 67A
67 GLY 68A
68 TYR 69A
69 GLY 70A
70 GLY 71A
71 ILE 72A
72 PRO 73A
73 ALA 74A
74 GLY 75A
75 CYS 76A
76 GLN 77A
77 CYS 78A
78 ASP 79A
79 ARG 80A
80 ASP 81A
81 ALA 82A
82 ASN 83A
83 GLN 84A
84 LEU 85A
85 PHE 86A
86 VAL 87A
87 ALA 88A
88 ASP 89A
89 MET 90A
90 ARG 91A
91 LEU 92A
92 GLY 93A
93 LEU 94A
94 LEU 95A
95 VAL 96A
96 VAL 97A
97 GLN 98A
98 THR 99A
99 ASP 100A
100 GLY 101A
101 THR 102A
102 PHE 103A
103 GLU 104A
104 GLU 105A
105 ILE 106A
106 ALA 107A
107 LYS 108A
108 LYS 109A
109 ASP 110A
110 SER 111A
111 GLU 112A
112 GLY 113A
113 ARG 114A
114 ARG 115A
115 MET 116A
116 GLN 117A
117 GLY 118A
118 CYS 119A
119 ASN 120A
120 ASP 121A
121 CYS 122A
122 ALA 123A
123 PHE 124A
124 ASP 125A
125 TYR 126A
126 GLU 127A
127 GLY 128A
128 ASN 129A
129 LEU 130A
130 TRP 131A
131 ILE 132A
132 THR 133A
133 ALA 134A
134 PRO 135A
135 ALA 136A
136 GLY 137A
137 GLU 138A
138 VAL 139A
139 ALA 140A
140 PRO 141A
141 ALA 142A
142 ASP 143A
143 TYR 144A
144 THR 145A
145 ARG 146A
146 SER 147A
147 MET 148A
148 GLN 149A
149 GLU 150A
150 LYS 151A
151 PHE 152A
152 GLY 153A
153 SER 154A
154 ILE 155A
155 TYR 156A
156 CYS 157A
157 PHE 158A
158 THR 159A
159 THR 160A
160 ASP 161A
161 GLY 162A
162 GLN 163A
163 MET 164A
164 ILE 165A
165 GLN 166A
166 VAL 167A
167 ASP 168A
168 THR 169A
169 ALA 170A
170 PHE 171A
171 GLN 172A
172 PHE 173A
173 PRO 174A
174 ASN 175A
175 GLY 176A
176 ILE 177A
177 ALA 178A
178 VAL 179A
179 ARG 180A
180 HIS 181A
181 MET 182A
182 ASN 183A
183 ASP 184A
184 GLY 185A
185 ARG 186A
186 PRO 187A
187 TYR 188A
188 GLN 189A
189 LEU 190A
190 ILE 191A
191 VAL 192A
192 ALA 193A
193 GLU 194A
194 THR 195A
195 PRO 196A
196 THR 197A
197 LYS 198A
198 LYS 199A
199 LEU 200A
200 TRP 201A
201 SER 202A
202 TYR 203A
203 ASP 204A
204 ILE 205A
205 LYS 206A
206 GLY 207A
207 PRO 208A
208 ALA 209A
209 LYS 210A
210 ILE 211A
211 GLU 212A
212 ASN 213A
213 LYS 214A
214 LYS 215A
215 VAL 216A
216 TRP 217A
217 GLY 218A
218 HIS 219A
219 ILE 220A
220 PRO 221A
221 GLY 222A
222 THR 223A
223 HIS 224A
224 GLU 225A
225 GLY 226A
226 GLY 227A
227 ALA 228A
228 ASP 229A
229 GLY 230A
230 MET 231A
231 ASP 232A
232 PHE 233A
233 ASP 234A
234 GLU 235A
235 ASP 236A
236 ASN 237A
237 ASN 238A
238 LEU 239A
239 LEU 240A
240 VAL 241A
241 ALA 242A
242 ASN 243A
243 TRP 244A
244 GLY 245A
245 SER 246A
246 SER 247A
247 HIS 248A
248 ILE 249A
249 GLU 250A
250 VAL 251A
251 PHE 252A
252 GLY 253A
253 PRO 254A
254 ASP 255A
255 GLY 256A
256 GLY 257A
257 GLN 258A
258 PRO 259A
259 LYS 260A
260 MET 261A
261 ARG 262A
262 ILE 263A
263 ARG 264A
264 CYS 265A
265 PRO 266A
266 PHE 267A
267 GLU 268A
268 LYS 269A
269 PRO 270A
270 SER 271A
271 ASN 272A
272 LEU 273A
273 HIS 274A
274 PHE 275A
275 LYS 276A
276 PRO 277A
277 GLN 278A
278 THR 279A
279 LYS 280A
280 THR 281A
281 ILE 282A
282 PHE 283A
283 VAL 284A
284 THR 285A
285 GLU 286A
286 HIS 287A
287 GLU 288A
288 ASN 289A
289 ASN 290A
290 ALA 291A
291 VAL 292A
292 TRP 293A
293 LYS 294A
294 PHE 295A
295 GLU 296A
296 TRP 297A
297 GLN 298A
298 ARG 299A
299 ASN 300A
300 GLY 301A
301 LYS 302A
302 LYS 303A
303 GLN 304A
304 TYR 305A
305 CYS 306A
306 GLU 307A
307 THR 308A
308 LEU 309A
309 LYS 310A
310 PHE 311A
311 GLY 312A
312 ILE 313A
313 PHE 314A
19
0 1 3.60227
0 2 5.51918
0 3 9.52904
0 4 10.6108
0 218 9.44186
0 219 8.55254
0 220 5.7362
0 221 7.67308
0 222 11.126
0 245 11.5223
0 247 11.5833
0 249 10.2733
0 250 11.8894
0 256 11.1593
0 257 7.58548
0 258 7.78463
0 259 9.49051
0 260 9.64644
0 261 9.34753
20
1 0 3.60227
1 2 3.6787
1 3 6.82284
1 4 7.47751
1 5 11.1315
1 219 10.7315
1 220 7.84017
1 221 9.32123
1 245 11.1173
1 247 10.2034
1 248 11.7188
1 249 9.9471
1 250 11.5319
1 257 9.77487
1 258 8.59278
1 259 9.2854
1 260 8.19954
1 261 7.48553
1 262 10.4441
1 263 10.7583
14
2 0 5.51918
2 1 3.6787
2 3 4.70373
2 4 7.20328
2 5 10.8301
2 220 10.4481
2 249 10.9268
2 250 11.2882
2 257 9.36254
2 258 8.1366
2 259 7.40504
2 260 7.00509
2 261 7.98877
2 262 11.2707
17
3 0 9.52904
3 1 6.82284
3 2 4.70373
3 4 3.81643
3 5 6.77563
3 6 10.2235
3 247 11.8257
3 249 10.4319
3 250 10.0764
3 251 11.9206
3 257 11.7679
3 258 9.15506
3 259 7.12931
3 260 4.98894
3 261 6.31478
3 262 8.69987
3 263 10.3629
19
4 0 10.6108
4 1 7.47751
4 2 7.20328
4 3 3.81643
4 5 3.73801
4 6 6.69402
4 7 9.71661
4 246 11.5422
4 247 9.04772
4 248 9.79555
4 249 9.32342
4 250 9.82685
4 258 10.3061
4 259 9.15718
4 260 5.72103
4 261 4.6984
4 262 5.63015
4 263 6.71454
4 264 10.419
23
5 1 11.1315
5 2 10.8301
5 3 6.77563
5 4 3.73801
5 6 3.76119
5 7 6.18659
5 8 9.80263
5 9 11.7687
5 247 9.7628
5 248 10.0025
5 249 10.4921
5 250 10.5915
5 259 11.2357
5 260 7.53439
5 261 6.3792
5 262 5.04492
5 263 6.29283
5 264 9.32064
5 265 11.9205
5 294 11.4422
5 295 11.1017
5 296 9.92975
5 297 10.5334
19
6 3 10.2235
6 4 6.69402
6 5 3.76119
6 7 3.79009
6 8 6.63146
6 9 8.71774
6 246 11.2311
6 247 9.77604
6 248 10.6135
6 260 10.8734
6 261 8.78348
6 262 5.99844
6 263 5.35057
6 264 7.2456
6 265 9.01322
6 294 9.66782
6 295 10.2641
6 296 10.3975
6 297 11.9446
21
7 4 9.71661
7 5 6.18659
7 6 3.79009
7 8 3.822
7 9 6.32151
7 10 9.60874
7 247 11.5191
7 248 11.4224
7 261 10.8272
7 262 7.50801
7 263 7.69778
7 264 8.16165
7 265 9.81209
7 280 11.0847
7 281 10.9684
7 292 11.635
7 293 9.70829
7 294 6.42024
7 295 6.83945
7 296 7.92888
7 297 9.989
17
8 5 9.80263
8 6 6.63146
8 7 3.822
8 9 3.79875
8 10 6.41508
8 11 9.88542
8 262 10.4962
8 263 9.76154
8 264 8.80881
8 265 9.10693
8 280 11.2085
8 281 11.3708
8 292 9.80208
8 293 8.33402
8 294 5.95848
8 295 7.60274
8 296 10.1012
25
9 5 11.7687
9 6 8.71774
9 7 6.32151
9 8 3.79875
9 10 3.79371
9 11 6.59407
9 12 9.28386
9 262 10.7591
9 263 9.79636
9 264 7.49775
9 265 7.55354
9 266 10.1949
9 280 10.3516
9 281 9.66508
9 282 9.34746
9 283 9.1531
9 284 11.423
9 285 11.9952
9 290 11.7998
9 291 9.7401
9 292 6.09824
9 293 5.50674
9 294 4.85189
9 295 8.1149
9 296 10.7256
22
10 7 9.60874
10 8 6.41508
10 9 3.79371
10 11 3.82129
10 12 6.45343
10 13 9.65588
10 14 11.7902
10 52 11.6538
10 55 11.3912
10 264 10.8444
10 265 10.23
10 280 10.5892
10 281 10.491
10 282 9.37169
10 283 9.9975
10 284 11.819
10 290 11.0175
10 291 8.81649
10 292 5.42355
10 293 5.29588
10 294 6.38848
10 295 9.54268
26
11 8 9.88542
11 9 6.59407
11 10 3.82129
11 12 3.80578
11 13 6.10946
11 14 8.02608
11 15 11.6574
11 52 10.3185
11 53 11.2924
11 54 10.7559
11 55 8.56695
11 264 11.9318
11 265 10.7648
11 266 11.8587
11 281 11.8857
11 282 9.54503
11 283 9.61545
11 284 10.2325
11 285 11.1818
11 288 11.0057
11 289 11.4936
11 290 7.93092
11 291 6.34723
11 292 4.43326
11 293 6.562
11 294 9.15099
32
12 9 9.28386
12 10 6.45343
12 11 3.80578
12 13 3.83169
12 14 7.20703
12 15 10.8404
12 16 11.3676
12 19 11.8752
12 22 11.5791
12 30 10.8442
12 31 11.654
12 32 11.1703
12 50 8.67009
12 51 9.10806
12 52 6.93469
12 53 8.67545
12 54 8.29567
12 55 5.61507
12 56 9.07609
12 57 10.4051
12 280 11.9649
12 281 11.1882
12 282 8.23856
12 283 9.1271
12 284 9.49695
12 285 11.4829
12 289 11.4275
12 290 7.67187
12 291 5.27415
12 292 4.85406
12 293 6.66723
12 294 10.1412
33
13 10 9.65588
13 11 6.10946
13 12 3.83169
13 14 3.82309
13 15 7.29762
13 16 8.11546
13 17 11.7296
13 19 9.95695
13 22 11.7687
13 30 11.3786
13 31 11.0978
13 32 9.94826
13 48 11.0721
13 49 10.7999
13 50 7.68639
13 51 8.97933
13 52 8.4058
13 53 10.1337
13 54 8.43703
13 55 4.78429
13 56 7.01469
13 57 7.7358
13 58 11.3804
13 282 10.5488
13 283 10.5337
13 284 9.43858
13 285 10.9144
13 288 10.4168
13 289 9.14742
13 290 5.83895
13 291 5.22001
13 292 7.08972
13 293 9.90421
27
14 10 11.7902
14 11 8.02608
14 12 7.20703
14 13 3.82309
14 15 3.79041
14 16 5.88428
14 17 9.13728
14 18 10.9621
14 19 8.97151
14 32 11.1076
14 34 11.1507
14 48 11.9357
14 50 10.364
14 54 11.3848
14 55 7.8622
14 56 8.89507
14 57 8.89497
14 283 11.8742
14 284 9.7369
14 285 9.95405
14 286 10.5888
14 287 11.0835
14 288 7.60984
14 289 6.50145
14 290 4.35305
14 291 6.34239
14 292 8.95056
26
15 11 11.6574
15 12 10.8404
15 13 7.29762
15 14 3.79041
15 16 3.8111
15 17 6.29236
15 18 9.06962
15 19 8.28489
15 20 11.9715
15 32 11.6221
15 33 11.6528
15 34 9.40238
15 36 11.2309
15 37 10.3667
15 48 11.8206
15 55 10.8519
15 56 10.7576
15 57 9.70921
15 284 10.9398
15 285 10.453
15 286 9.78174
15 287 10.5204
15 288 7.28252
15 289 5.4695
15 290 5.77833
15 291 8.82873
38
16 12 11.3676
16 13 8.11546
16 14 5.88428
16 15 3.8111
16 17 3.84445
16 18 6.20553
16 19 5.11592
16 20 8.63792
16 21 11.5576
16 22 11.7669
16 31 11.6645
16 32 8.5464
16 33 7.96599
16 34 5.63956
16 35 8.7475
16 36 8.36146
16 37 7.96574
16 38 11.5391
16 45 9.97688
16 46 9.10888
16 47 10.1432
16 48 9.18536
16 49 11.6333
16 50 10.9993
16 55 11.6474
16 56 11.3621
16 57 9.2158
16 58 11.2224
16 59 10.7424
16 73 11.9168
16 284 9.17967
16 285 9.32473
16 286 8.79747
16 287 10.8746
16 288 8.5744
16 289 5.18137
16 290 5.91851
16 291 8.26195
32
17 13 11.7296
17 14 9.13728
17 15 6.29236
17 16 3.84445
17 18 3.76644
17 19 5.39902
17 20 8.66243
17 32 10.5484
17 33 8.67702
17 34 5.297
17 35 6.73415
17 36 5.07164
17 37 5.59696
17 38 8.92777
17 43 11.38
17 44 10.6671
17 45 8.5609
17 46 9.23434
17 47 11.2282
17 48 11.5099
17 71 10.6966
17 72 11.1925
17 73 10.7476
17 270 11.7215
17 284 10.3097
17 285 9.46941
17 286 7.59249
17 287 9.9939
17 288 8.79366
17 289 5.43085
17 290 8.08248
17 291 10.8095
37
18 14 10.9621
18 15 9.06962
18 16 6.20553
18 17 3.76644
18 19 3.80827
18 20 6.05957
18 21 9.67634
18 22 11.5907
18 32 9.9449
18 33 7.91162
18 34 5.45801
18 35 5.67165
18 36 5.09173
18 37 7.65737
18 38 10.8332
18 44 11.9869
18 45 9.27494
18 46 10.213
18 47 11.573
18 71 9.6348
18 72 9.78504
18 73 8.22163
18 74 10.9668
18 119 11.9331
18 243 11.8786
18 268 10.2428
18 269 10.4761
18 270 8.41263
18 271 10.1661
18 284 8.37993
18 285 7.47272
18 286 5.77689
18 287 9.17559
18 288 9.22137
18 289 5.84291
18 290 8.40448
18 291 10.4115
45
19 12 11.8752
19 13 9.95695
19 14 8.97151
19 15 8.28489
19 16 5.11592
19 17 5.39902
19 18 3.80827
19 20 3.79775
19 21 7.26355
19 22 8.24014
19 23 11.7681
19 31 10.4006
19 32 6.66117
19 33 5.87133
19 34 4.96319
19 35 7.01582
19 36 7.96919
19 37 9.62228
19 45 10.2438
19 46 9.76208
19 47 9.91875
19 48 9.9516
19 50 11.9964
19 71 11.1277
19 72 9.92613
19 73 8.12325
19 74 9.74941
19 75 11.886
19 229 11.6383
19 268 10.6506
19 269 9.63705
19 270 7.67549
19 271 8.21762
19 272 10.4229
19 282 11.436
19 283 9.15817
19 284 5.54722
19 285 6.29467
19 286 6.65582
19 287 10.0025
19 288 9.25145
19 289 5.60309
19 290 6.27323
19 291 7.22105
19 292 10.7595
51
20 15 11.9715
20 16 8.63792
20 17 8.66243
20 18 6.05957
20 19 3.79775
20 21 3.74838
20 22 5.8855
20 23 9.26096
20 31 9.39483
20 32 5.91572
20 33 5.08323
20 34 6.22295
20 35 7.17229
20 36 9.47303
20 37 11.6763
20 45 10.8723
20 46 10.3075
20 47 9.58352
20 48 10.3467
20 71 10.4255
20 72 8.31532
20 73 5.57594
20 74 6.21048
20 75 8.49188
20 76 11.7781
20 86 10.773
20 87 10.5954
20 88 11.0491
20 119 9.44687
20 120 9.30268
20 174 11.555
20 175 11.0076
20 228 9.81072
20 229 8.69445
20 230 11.6197
20 241 11.3717
20 268 11.4955
20 269 9.61988
20 270 6.59584
20 271 5.8316
20 272 8.1876
20 273 10.1995
20 282 10.5952
20 283 8.62087
20 284 5.85844
20 285 7.71479
20 286 8.85922
20 289 9.10333
20 290 9.26734
20 291 8.86266
20 292 11.7932
52
21 16 11.5576
21 18 9.67634
21 19 7.26355
21 20 3.74838
21 22 3.82212
21 23 6.21347
21 24 10.0035
21 30 10.3865
21 31 7.81339
21 32 5.51448
21 33 5.56184
21 34 8.41114
21 35 9.19693
21 46 11.1247
21 47 9.26209
21 48 10.2357
21 49 11.6472
21 71 11.4061
21 72 8.28011
21 73 5.70157
21 74 3.93607
21 75 5.01409
21 76 8.06071
21 77 10.7846
21 84 10.6239
21 85 10.3997
21 86 8.25589
21 87 8.78953
21 88 10.4165
21 118 11.8944
21 119 8.85682
21 120 7.43576
21 121 9.23238
21 122 11.0289
21 174 11.3418
21 175 9.98959
21 176 11.7849
21 228 10.5486
21 229 8.26072
21 230 10.3385
21 231 11.5045
21 269 11.805
21 270 8.6752
21 271 6.26306
21 272 7.40839
21 273 8.19234
21 274 11.7483
21 282 10.2009
21 283 9.34931
21 284 7.9477
21 285 10.6946
21 291 10.6907
49
22 12 11.5791
22 13 11.7687
22 16 11.7669
22 18 11.5907
22 19 8.24014
22 20 5.8855
22 21 3.82212
22 23 3.76399
22 24 7.18806
22 25 10.1925
22 29 10.6917
22 30 7.2458
22 31 5.733
22 32 4.63496
22 33 7.06886
22 34 10.1104
22 47 10.1276
22 48 9.70264
22 49 9.91766
22 50 9.97437
22 72 11.4545
22 73 9.38215
22 74 7.49264
22 75 6.91357
22 76 8.67945
22 77 10.382
22 84 11.083
22 85 11.9855
22 86 10.7448
22 120 10.6995
22 121 11.6955
22 229 9.82908
22 230 10.9593
22 231 11.1638
22 270 9.88388
22 271 6.90964
22 272 6.15377
22 273 5.8077
22 274 8.86417
22 275 9.86802
22 281 9.76929
22 282 7.09241
22 283 7.46769
22 284 7.20749
22 285 10.7908
22 290 11.2069
22 291 8.77676
22 292 10.5546
22 293 10.9928
47
23 19 11.7681
23 20 9.26096
23 21 6.21347
23 22 3.76399
23 24 3.82365
23 25 6.61261
23 26 10.0261
23 27 11.3972
23 28 9.18587
23 29 8.33653
23 30 5.81747
23 31 5.36555
23 32 6.60315
23 33 9.15319
23 47 10.868
23 48 10.4337
23 49 9.7134
23 50 10.3697
23 73 11.3752
23 74 8.66418
23 75 6.31121
23 76 6.47986
23 77 7.12521
23 78 10.8743
23 83 11.1651
23 84 8.69116
23 85 10.2611
23 86 10.2377
23 120 11.5755
23 121 11.3718
23 122 11.3347
23 229 11.9609
23 231 11.322
23 271 9.93237
23 272 8.34906
23 273 6.17521
23 274 8.1365
23 275 8.33785
23 276 10.0701
23 281 10.5629
23 282 8.77865
23 283 10.3628
23 284 10.8372
23 291 11.8779
23 303 9.93366
23 304 11.9
23 305 10.5233
39
24 21 10.0035
24 22 7.18806
24 23 3.82365
24 25 3.76876
24 26 6.77354
24 27 7.76371
24 28 5.44551
24 29 5.48751
24 30 4.62189
24 31 6.36754
24 32 9.14294
24 48 11.6953
24 49 9.74977
24 50 10.2356
24 51 11.7241
24 52 11.1678
24 75 9.33843
24 76 8.29218
24 77 7.05768
24 78 10.334
24 79 11.6596
24 82 10.1541
24 83 10.5139
24 84 9.32182
24 85 11.8361
24 98 11.6805
24 272 11.1034
24 273 8.05557
24 274 8.26971
24 275 6.85134
24 276 7.73916
24 277 11.3985
24 281 11.275
24 282 10.0954
24 302 11.3279
24 303 9.51667
24 304 11.3011
24 305 8.95677
24 306 9.9091
34
25 22 10.1925
25 23 6.61261
25 24 3.76876
25 26 3.7817
25 27 5.43331
25 28 5.23364
25 29 5.4506
25 30 6.60289
25 31 7.93487
25 32 11.2103
25 49 10.3077
25 50 11.7627
25 75 10.2078
25 76 8.48064
25 77 5.67875
25 78 8.05514
25 79 9.14175
25 80 11.4954
25 81 9.7929
25 82 6.50447
25 83 7.56236
25 84 7.63796
25 85 10.802
25 96 11.466
25 97 10.5724
25 98 9.18098
25 273 11.5322
25 274 11.598
25 275 9.89178
25 276 9.55981
25 303 10.1728
25 304 10.6934
25 305 7.47129
25 306 9.08288
27
26 23 10.0261
26 24 6.77354
26 25 3.7817
26 27 3.83499
26 28 5.48673
26 29 7.41688
26 30 9.7059
26 31 11.5977
26 76 10.9001
26 77 7.47413
26 78 8.28888
26 79 7.73345
26 80 9.6336
26 81 8.52724
26 82 5.94877
26 83 8.67352
26 84 10.0154
26 98 10.8385
26 275 11.0989
26 276 9.467
26 302 11.8998
26 303 10.3416
26 304 10.2123
26 305 6.46131
26 306 7.24484
26 307 10.1811
26 308 11.2672
19
27 23 11.3972
27 24 7.76371
27 25 5.43331
27 26 3.83499
27 28 3.78021
27 29 5.54863
27 30 8.92922
27 31 11.5121
27 77 10.6151
27 78 11.8056
27 79 11.4228
27 81 11.0773
27 82 8.0482
27 83 10.7699
27 98 10.5995
27 275 11.4755
27 276 10.3709
27 305 10.2309
27 306 10.3579
21
28 23 9.18587
28 24 5.44551
28 25 5.23364
28 26 5.48673
28 27 3.78021
28 29 3.79759
28 30 6.37882
28 31 9.65926
28 49 11.0822
28 50 11.0359
28 51 10.7418
28 52 10.1663
28 77 10.689
28 82 10.4622
28 274 11.1455
28 275 8.02384
28 276 7.73934
28 277 10.3205
28 278 11.7289
28 305 10.6474
28 306 10.3584
23
29 22 10.6917
29 23 8.33653
29 24 5.48751
29 25 5.4506
29 26 7.41688
29 27 5.54863
29 28 3.79759
29 30 3.78107
29 31 6.76274
29 32 10.4642
29 48 10.6635
29 49 7.35514
29 50 7.65893
29 51 7.82761
29 52 8.33181
29 53 11.1627
29 77 10.796
29 82 10.4968
29 83 11.5101
29 84 11.5303
29 98 9.72663
29 275 9.78546
29 276 10.672
37
30 12 10.8442
30 13 11.3786
30 21 10.3865
30 22 7.2458
30 23 5.81747
30 24 4.62189
30 25 6.60289
30 26 9.7059
30 27 8.92922
30 28 6.37882
30 29 3.78107
30 31 3.77522
30 32 7.05132
30 33 10.56
30 47 10.8076
30 48 8.50117
30 49 5.88502
30 50 5.65247
30 51 7.28739
30 52 7.35686
30 53 10.936
30 55 10.6183
30 56 11.327
30 57 10.2363
30 58 10.9164
30 60 11.8616
30 75 11.1719
30 76 11.4959
30 77 10.5963
30 84 11.1493
30 98 10.9469
30 273 10.0153
30 274 10.6085
30 275 8.78446
30 276 10.828
30 282 9.73511
30 291 11.3904
53
31 12 11.654
31 13 11.0978
31 16 11.6645
31 19 10.4006
31 20 9.39483
31 21 7.81339
31 22 5.733
31 23 5.36555
31 24 6.36754
31 25 7.93487
31 26 11.5977
31 27 11.5121
31 28 9.65926
31 29 6.76274
31 30 3.77522
31 32 3.80459
31 33 6.92236
31 34 10.1045
31 46 10.5396
31 47 7.18075
31 48 5.44742
31 49 4.43471
31 50 5.75971
31 51 8.889
31 52 9.80449
31 55 11.3599
31 56 11.3731
31 57 9.13865
31 58 9.37513
31 59 9.61749
31 60 9.42596
31 61 11.0636
31 72 11.9323
31 73 11.6651
31 74 10.4772
31 75 8.81823
31 76 10.2172
31 77 10.1352
31 83 11.4475
31 84 9.43768
31 85 11.8439
31 86 11.0823
31 96 11.3827
31 97 11.7776
31 98 9.99343
31 100 11.7769
31 272 11.6801
31 273 10.4597
31 275 11.4328
31 282 10.6105
31 283 11.9094
31 284 11.2249
31 291 10.759
54
32 12 11.1703
32 13 9.94826
32 14 11.1076
32 15 11.6221
32 16 8.5464
32 17 10.5484
32 18 9.9449
32 19 6.66117
32 20 5.91572
32 21 5.51448
32 22 4.63496
32 23 6.60315
32 24 9.14294
32 25 11.2103
32 29 10.4642
32 30 7.05132
32 31 3.80459
32 33 3.78323
32 34 6.7229
32 35 9.5348
32 45 11.0922
32 46 8.56037
32 47 6.14533
32 48 5.28691
32 49 6.54172
32 50 7.28716
32 51 10.9352
32 52 11.6046
32 55 11.7254
32 56 11.8555
32 57 9.25768
32 58 10.0513
32 59 9.56125
32 60 10.3624
32 61 11.083
32 72 9.55415
32 73 8.82732
32 74 8.51793
32 75 8.32372
32 76 10.9002
32 84 11.0067
32 86 10.4908
32 270 11.8079
32 271 9.98728
32 272 10.2649
32 273 10.3344
32 282 10.1359
32 283 10.1597
32 284 8.44977
32 285 11.4229
32 289 11.3469
32 290 10.0533
32 291 8.70459
32 292 11.6444
53
33 15 11.6528
33 16 7.96599
33 17 8.67702
33 18 7.91162
33 19 5.87133
33 20 5.08323
33 21 5.56184
33 22 7.06886
33 23 9.15319
33 30 10.56
33 31 6.92236
33 32 3.78323
33 34 3.77234
33 35 5.93383
33 36 8.98124
33 37 9.69648
33 44 11.3159
33 45 7.59078
33 46 5.75525
33 47 4.51198
33 48 5.92112
33 49 8.77151
33 50 10.2992
33 57 10.9016
33 58 11.034
33 59 9.24396
33 60 10.1302
33 61 9.54425
33 62 9.78533
33 63 11.056
33 70 10.6838
33 71 8.71759
33 72 6.0579
33 73 5.95885
33 74 7.06381
33 75 8.06514
33 76 11.4551
33 84 11.1959
33 85 11.6663
33 86 8.84493
33 87 9.9529
33 88 9.77866
33 89 11.9038
33 96 11.6882
33 119 11.0209
33 120 11.223
33 270 11.6539
33 271 10.5813
33 284 9.70737
33 285 11.7907
33 289 11.0907
33 290 11.0797
33 291 10.8625
48
34 14 11.1507
34 15 9.40238
34 16 5.63956
34 17 5.297
34 18 5.45801
34 19 4.96319
34 20 6.22295
34 21 8.41114
34 22 10.1104
34 31 10.1045
34 32 6.7229
34 33 3.77234
34 35 3.80311
34 36 5.65708
34 37 6.12508
34 38 9.78799
34 43 10.4549
34 44 8.92005
34 45 5.47544
34 46 4.95273
34 47 6.25138
34 48 7.52566
34 49 10.9226
34 57 11.1708
34 58 11.5699
34 59 9.50606
34 60 11.4212
34 61 10.458
34 62 9.40378
34 63 11.1393
34 70 9.86666
34 71 7.61137
34 72 6.70762
34 73 6.99934
34 74 9.55554
34 75 11.4389
34 86 11.5994
34 87 11.8852
34 88 10.5701
34 89 11.6825
34 270 11.8787
34 271 11.9912
34 284 10.2747
34 285 11.1912
34 286 10.7072
34 289 9.06446
34 290 10.1363
34 291 11.2229
40
35 16 8.7475
35 17 6.73415
35 18 5.67165
35 19 7.01582
35 20 7.17229
35 21 9.19693
35 32 9.5348
35 33 5.93383
35 34 3.80311
35 36 3.78642
35 37 5.8599
35 38 8.66031
35 42 11.4236
35 43 7.98782
35 44 7.70132
35 45 4.49238
35 46 6.27949
35 47 8.21593
35 48 10.6413
35 61 11.64
35 62 9.78896
35 63 10.3708
35 69 9.94072
35 70 7.35659
35 71 4.26053
35 72 4.73963
35 73 5.26926
35 74 8.84128
35 75 11.546
35 86 10.8404
35 87 10.0179
35 88 7.90214
35 89 8.18842
35 90 9.7827
35 91 11.4398
35 118 11.3026
35 119 9.5545
35 120 11.6919
35 286 11.3846
35 289 10.9984
30
36 15 11.2309
36 16 8.36146
36 17 5.07164
36 18 5.09173
36 19 7.96919
36 20 9.47303
36 33 8.98124
36 34 5.65708
36 35 3.78642
36 37 3.7916
36 38 6.18031
36 39 9.93036
36 41 10.3
36 42 9.52851
36 43 6.96677
36 44 7.45629
36 45 5.73686
36 46 8.3225
36 47 11.072
36 62 11.5667
36 69 10.6359
36 70 9.17359
36 71 6.43476
36 72 8.34347
36 73 8.65431
36 88 10.9925
36 89 10.2117
36 90 11.3416
36 286 10.3887
36 289 9.94838
30
37 15 10.3667
37 16 7.96574
37 17 5.59696
37 18 7.65737
37 19 9.62228
37 20 11.6763
37 33 9.69648
37 34 6.12508
37 35 5.8599
37 36 3.7916
37 38 3.80951
37 39 7.02365
37 40 10.154
37 41 9.12617
37 42 8.54143
37 43 6.34645
37 44 5.31523
37 45 4.71073
37 46 6.9541
37 47 10.385
37 48 11.8764
37 59 11.6544
37 62 9.60818
37 63 11.4624
37 69 9.75067
37 70 9.33208
37 71 7.97257
37 72 9.75483
37 73 11.1159
37 289 11.0176
21
38 16 11.5391
38 17 8.92777
38 18 10.8332
38 34 9.78799
38 35 8.66031
38 36 6.18031
38 37 3.80951
38 39 3.79387
38 40 6.46379
38 41 5.50614
38 42 5.23378
38 43 4.60333
38 44 4.77712
38 45 6.65358
38 46 9.58982
38 62 10.8003
38 68 11.5613
38 69 8.75008
38 70 9.67867
38 71 9.22507
38 72 11.9771
14
39 36 9.93036
39 37 7.02365
39 38 3.79387
39 40 3.77299
39 41 5.32907
39 42 5.44285
39 43 6.45399
39 44 5.91943
39 45 9.0311
39 46 11.4517
39 62 11.3595
39 68 11.4537
39 69 9.28224
39 70 11.4173
8
40 37 10.154
40 38 6.46379
40 39 3.77299
40 41 3.84303
40 42 5.58685
40 43 8.41061
40 44 9.13845
40 69 11.4004
10
41 36 10.3
41 37 9.12617
41 38 5.50614
41 39 5.32907
41 40 3.84303
41 42 3.78659
41 43 6.79813
41 44 8.91481
41 45 11.5557
41 69 10.9071
19
42 35 11.4236
42 36 9.52851
42 37 8.54143
42 38 5.23378
42 39 5.44285
42 40 5.58685
42 41 3.78659
42 43 3.77795
42 44 6.47032
42 45 9.3612
42 64 11.2341
42 67 10.3689
42 68 8.44128
42 69 7.28933
42 70 9.39865
42 71 9.96271
42 90 11.0666
42 142 11.5461
42 143 10.5811
30
43 17 11.38
43 34 10.4549
43 35 7.98782
43 36 6.96677
43 37 6.34645
43 38 4.60333
43 39 6.45399
43 40 8.41061
43 41 6.79813
43 42 3.77795
43 44 3.77966
43 45 5.86775
43 46 9.52177
43 62 9.84894
43 63 9.73065
43 64 8.98915
43 65 11.5171
43 67 10.0703
43 68 7.51533
43 69 4.96909
43 70 5.99537
43 71 6.33179
43 72 9.76483
43 88 11.0242
43 89 9.97152
43 90 8.50099
43 91 10.8703
43 139 10.9458
43 142 11.9704
43 143 10.1711
32
44 17 10.6671
44 18 11.9869
44 33 11.3159
44 34 8.92005
44 35 7.70132
44 36 7.45629
44 37 5.31523
44 38 4.77712
44 39 5.91943
44 40 9.13845
44 41 8.91481
44 42 6.47032
44 43 3.77966
44 45 3.77131
44 46 6.61835
44 47 10.2568
44 59 11.6096
44 61 10.171
44 62 6.49324
44 63 7.43679
44 64 7.65135
44 65 11.0541
44 67 9.93245
44 68 8.36325
44 69 4.86548
44 70 5.88884
44 71 6.93489
44 72 9.18315
44 88 11.3965
44 89 11.5809
44 90 10.3001
44 91 11.6078
39
45 16 9.97688
45 17 8.5609
45 18 9.27494
45 19 10.2438
45 20 10.8723
45 32 11.0922
45 33 7.59078
45 34 5.47544
45 35 4.49238
45 36 5.73686
45 37 4.71073
45 38 6.65358
45 39 9.0311
45 41 11.5557
45 42 9.3612
45 43 5.86775
45 44 3.77131
45 46 3.77451
45 47 7.18706
45 48 9.92131
45 59 9.91544
45 60 11.2179
45 61 8.70579
45 62 5.89982
45 63 7.03875
45 64 8.76447
45 68 10.5159
45 69 6.75659
45 70 5.37848
45 71 4.91358
45 72 6.03426
45 73 8.67388
45 74 11.8152
45 86 11.8428
45 87 11.8322
45 88 9.1163
45 89 9.94216
45 90 9.8315
45 91 10.8956
39
46 16 9.10888
46 17 9.23434
46 18 10.213
46 19 9.76208
46 20 10.3075
46 21 11.1247
46 31 10.5396
46 32 8.56037
46 33 5.75525
46 34 4.95273
46 35 6.27949
46 36 8.3225
46 37 6.9541
46 38 9.58982
46 39 11.4517
46 43 9.52177
46 44 6.61835
46 45 3.77451
46 47 3.78503
46 48 6.29853
46 49 10.0196
46 57 10.9559
46 58 9.70319
46 59 6.41137
46 60 7.6763
46 61 5.87133
46 62 4.51888
46 63 6.9011
46 64 9.88583
46 69 9.35195
46 70 7.77365
46 71 7.61896
46 72 6.7018
46 73 9.19249
46 74 11.399
46 86 10.9612
46 88 10.3596
46 96 11.4249
46 100 10.347
50
47 16 10.1432
47 17 11.2282
47 18 11.573
47 19 9.91875
47 20 9.58352
47 21 9.26209
47 22 10.1276
47 23 10.868
47 30 10.8076
47 31 7.18075
47 32 6.14533
47 33 4.51198
47 34 6.25138
47 35 8.21593
47 36 11.072
47 37 10.385
47 44 10.2568
47 45 7.18706
47 46 3.78503
47 48 3.81306
47 49 7.07927
47 50 9.95121
47 57 9.87675
47 58 8.47977
47 59 5.80984
47 60 5.84233
47 61 5.13319
47 62 6.32793
47 63 8.1204
47 64 11.7437
47 70 9.93954
47 71 9.6356
47 72 7.13856
47 73 9.04134
47 74 9.95187
47 75 9.76367
47 84 10.0791
47 85 11.3175
47 86 9.05783
47 87 11.2163
47 88 10.6595
47 94 11.1779
47 95 11.5095
47 96 8.90082
47 97 10.5864
47 98 10.1981
47 99 11.2884
47 100 8.36295
47 101 10.7775
47 102 10.6656
43
48 13 11.0721
48 14 11.9357
48 15 11.8206
48 16 9.18536
48 17 11.5099
48 19 9.9516
48 20 10.3467
48 21 10.2357
48 22 9.70264
48 23 10.4337
48 24 11.6953
48 29 10.6635
48 30 8.50117
48 31 5.44742
48 32 5.28691
48 33 5.92112
48 34 7.52566
48 35 10.6413
48 37 11.8764
48 45 9.92131
48 46 6.29853
48 47 3.81306
48 49 3.76705
48 50 6.31422
48 51 9.76372
48 55 11.366
48 56 9.7973
48 57 6.29277
48 58 5.36648
48 59 4.38439
48 60 5.51513
48 61 7.14094
48 62 8.93395
48 63 11.481
48 72 10.5591
48 73 11.6583
48 75 11.5486
48 84 11.6418
48 96 11.1831
48 97 11.7814
48 98 10.1069
48 99 11.326
48 100 9.34632
33
49 13 10.7999
49 16 11.6333
49 21 11.6472
49 22 9.91766
49 23 9.7134
49 24 9.74977
49 25 10.3077
49 28 11.0822
49 29 7.35514
49 30 5.88502
49 31 4.43471
49 32 6.54172
49 33 8.77151
49 34 10.9226
49 46 10.0196
49 47 7.07927
49 48 3.76705
49 50 3.80807
49 51 6.6634
49 52 9.21464
49 54 11.7101
49 55 9.74911
49 56 8.43648
49 57 5.89583
49 58 5.25485
49 59 6.46142
49 60 6.62972
49 61 9.49066
49 84 11.7336
49 97 11.6168
49 98 8.95591
49 99 10.6717
49 100 9.98457
32
50 12 8.67009
50 13 7.68639
50 14 10.364
50 16 10.9993
50 19 11.9964
50 22 9.97437
50 23 10.3697
50 24 10.2356
50 25 11.7627
50 28 11.0359
50 29 7.65893
50 30 5.65247
50 31 5.75971
50 32 7.28716
50 33 10.2992
50 47 9.95121
50 48 6.31422
50 49 3.80807
50 51 3.77667
50 52 5.83427
50 53 8.69348
50 54 8.28708
50 55 6.12557
50 56 5.81627
50 57 4.77706
50 58 6.4998
50 59 8.91398
50 60 10.1037
50 282 11.8079
50 290 11.7782
50 291 10.0579
50 292 11.9935
19
51 12 9.10806
51 13 8.97933
51 24 11.7241
51 28 10.7418
51 29 7.82761
51 30 7.28739
51 31 8.889
51 32 10.9352
51 48 9.76372
51 49 6.6634
51 50 3.77667
51 52 3.80289
51 53 5.49322
51 54 5.63382
51 55 5.37126
51 56 5.4217
51 57 6.56693
51 58 8.27162
51 59 11.515
24
52 10 11.6538
52 11 10.3185
52 12 6.93469
52 13 8.4058
52 24 11.1678
52 28 10.1663
52 29 8.33181
52 30 7.35686
52 31 9.80449
52 32 11.6046
52 49 9.21464
52 50 5.83427
52 51 3.80289
52 53 3.78489
52 54 5.65079
52 55 5.43968
52 56 7.68103
52 57 9.31713
52 58 11.6671
52 275 11.2398
52 282 10.8127
52 291 10.8025
52 292 10.7945
52 293 10.6644
12
53 11 11.2924
53 12 8.67545
53 13 10.1337
53 29 11.1627
53 30 10.936
53 50 8.69348
53 51 5.49322
53 52 3.78489
53 54 3.75496
53 55 6.06496
53 56 8.15772
53 57 10.9471
13
54 11 10.7559
54 12 8.29567
54 13 8.43703
54 14 11.3848
54 49 11.7101
54 50 8.28708
54 51 5.63382
54 52 5.65079
54 53 3.75496
54 55 3.81227
54 56 5.33145
54 57 8.81414
54 58 11.6043
24
55 10 11.3912
55 11 8.56695
55 12 5.61507
55 13 4.78429
55 14 7.8622
55 15 10.8519
55 16 11.6474
55 30 10.6183
55 31 11.3599
55 32 11.7254
55 48 11.366
55 49 9.74911
55 50 6.12557
55 51 5.37126
55 52 5.43968
55 53 6.06496
55 54 3.81227
55 56 3.79769
55 57 6.46315
55 58 9.9146
55 290 10.6029
55 291 9.3929
55 292 10.3558
55 293 11.9515
20
56 12 9.07609
56 13 7.01469
56 14 8.89507
56 15 10.7576
56 16 11.3621
56 30 11.327
56 31 11.3731
56 32 11.8555
56 48 9.7973
56 49 8.43648
56 50 5.81627
56 51 5.4217
56 52 7.68103
56 53 8.15772
56 54 5.33145
56 55 3.79769
56 57 3.76692
56 58 6.84546
56 59 10.2327
56 291 11.7287
26
57 12 10.4051
57 13 7.7358
57 14 8.89497
57 15 9.70921
57 16 9.2158
57 30 10.2363
57 31 9.13865
57 32 9.25768
57 33 10.9016
57 34 11.1708
57 46 10.9559
57 47 9.87675
57 48 6.29277
57 49 5.89583
57 50 4.77706
57 51 6.56693
57 52 9.31713
57 53 10.9471
57 54 8.81414
57 55 6.46315
57 56 3.76692
57 58 3.7706
57 59 6.6294
57 60 9.32777
57 290 11.6168
57 291 11.4138
25
58 13 11.3804
58 16 11.2224
58 30 10.9164
58 31 9.37513
58 32 10.0513
58 33 11.034
58 34 11.5699
58 46 9.70319
58 47 8.47977
58 48 5.36648
58 49 5.25485
58 50 6.4998
58 51 8.27162
58 52 11.6671
58 54 11.6043
58 55 9.9146
58 56 6.84546
58 57 3.7706
58 59 3.80467
58 60 6.04828
58 61 9.16684
58 62 11.0092
58 98 11.5205
58 99 11.5069
58 100 10.4809
25
59 16 10.7424
59 31 9.61749
59 32 9.56125
59 33 9.24396
59 34 9.50606
59 37 11.6544
59 44 11.6096
59 45 9.91544
59 46 6.41137
59 47 5.80984
59 48 4.38439
59 49 6.46142
59 50 8.91398
59 51 11.515
59 56 10.2327
59 57 6.6294
59 58 3.80467
59 60 3.7857
59 61 5.74698
59 62 7.20544
59 63 10.5737
59 98 10.823
59 99 10.4978
59 100 8.3163
59 101 11.6023
25
60 30 11.8616
60 31 9.42596
60 32 10.3624
60 33 10.1302
60 34 11.4212
60 45 11.2179
60 46 7.6763
60 47 5.84233
60 48 5.51513
60 49 6.62972
60 50 10.1037
60 57 9.32777
60 58 6.04828
60 59 3.7857
60 61 3.83654
60 62 7.08244
60 63 9.52522
60 84 11.7663
60 96 9.24355
60 97 8.90677
60 98 7.37712
60 99 6.8397
60 100 4.62196
60 101 8.14955
60 102 10.1342
33
61 31 11.0636
61 32 11.083
61 33 9.54425
61 34 10.458
61 35 11.64
61 44 10.171
61 45 8.70579
61 46 5.87133
61 47 5.13319
61 48 7.14094
61 49 9.49066
61 58 9.16684
61 59 5.74698
61 60 3.83654
61 62 3.81832
61 63 5.69539
61 64 9.19804
61 69 11.0622
61 70 10.0725
61 71 11.5834
61 72 9.9247
61 84 11.3457
61 86 11.1821
61 94 11.0413
61 95 10.9705
61 96 7.87043
61 97 8.87762
61 98 8.9844
61 99 8.33462
61 100 4.70699
61 101 6.72732
61 102 7.71643
61 103 11.0481
34
62 33 9.78533
62 34 9.40378
62 35 9.78896
62 36 11.5667
62 37 9.60818
62 38 10.8003
62 39 11.3595
62 43 9.84894
62 44 6.49324
62 45 5.89982
62 46 4.51888
62 47 6.32793
62 48 8.93395
62 58 11.0092
62 59 7.20544
62 60 7.08244
62 61 3.81832
62 63 3.76451
62 64 6.63347
62 65 10.2707
62 67 11.2842
62 68 10.815
62 69 7.64428
62 70 7.36295
62 71 9.26552
62 72 8.88397
62 88 11.4528
62 91 11.8852
62 94 11.68
62 96 10.4598
62 99 11.9871
62 100 8.28557
62 101 9.33186
62 102 9.49105
41
63 33 11.056
63 34 11.1393
63 35 10.3708
63 37 11.4624
63 43 9.73065
63 44 7.43679
63 45 7.03875
63 46 6.9011
63 47 8.1204
63 48 11.481
63 59 10.5737
63 60 9.52522
63 61 5.69539
63 62 3.76451
63 64 3.77631
63 65 6.94848
63 66 10.1354
63 67 9.31928
63 68 8.50557
63 69 6.03342
63 70 5.40472
63 71 8.32242
63 72 8.06563
63 73 11.8396
63 86 10.5437
63 87 11.6422
63 88 9.35285
63 89 11.5904
63 90 10.0213
63 91 8.63641
63 92 11.4082
63 93 11.3675
63 94 8.89075
63 95 10.5699
63 96 9.24399
63 97 11.756
63 100 9.01152
63 101 8.59945
63 102 7.42546
63 103 9.0301
63 104 9.32729
30
64 42 11.2341
64 43 8.98915
64 44 7.65135
64 45 8.76447
64 46 9.88583
64 47 11.7437
64 61 9.19804
64 62 6.63347
64 63 3.77631
64 65 3.81617
64 66 6.52687
64 67 5.66387
64 68 5.17375
64 69 4.14963
64 70 5.5186
64 71 9.25359
64 72 10.27
64 88 10.5451
64 89 11.865
64 90 9.1751
64 91 7.99141
64 92 11.5048
64 94 10.5764
64 101 10.9558
64 102 9.52259
64 103 9.96274
64 104 9.4487
64 138 11.9269
64 139 9.80663
64 140 11.1129
25
65 43 11.5171
65 44 11.0541
65 62 10.2707
65 63 6.94848
65 64 3.81617
65 66 3.80203
65 67 5.31584
65 68 5.22272
65 69 6.62346
65 70 7.83688
65 71 11.5199
65 88 11.6361
65 90 9.46136
65 91 7.5358
65 92 10.9176
65 94 10.7382
65 102 10.1826
65 103 9.24211
65 104 8.03288
65 105 11.5277
65 106 11.9593
65 107 10.9679
65 138 10.5343
65 139 8.20376
65 140 9.03935
12
66 63 10.1354
66 64 6.52687
66 65 3.80203
66 67 3.77009
66 68 5.6032
66 69 8.41136
66 70 10.7195
66 90 11.8706
66 91 10.5792
66 104 11.2665
66 139 9.04652
66 140 8.60152
15
67 42 10.3689
67 43 10.0703
67 44 9.93245
67 62 11.2842
67 63 9.31928
67 64 5.66387
67 65 5.31584
67 66 3.77009
67 68 3.80727
67 69 6.16899
67 70 9.43438
67 90 11.4987
67 91 11.2045
67 139 9.59334
67 140 9.29968
25
68 38 11.5613
68 39 11.4537
68 42 8.44128
68 43 7.51533
68 44 8.36325
68 45 10.5159
68 62 10.815
68 63 8.50557
68 64 5.17375
68 65 5.22272
68 66 5.6032
68 67 3.80727
68 69 3.78893
68 70 6.58622
68 71 9.76739
68 88 11.735
68 89 11.3837
68 90 7.84129
68 91 8.23123
68 138 9.73258
68 139 6.51286
68 140 6.99166
68 141 9.95923
68 142 10.5281
68 143 10.7039
32
69 35 9.94072
69 36 10.6359
69 37 9.75067
69 38 8.75008
69 39 9.28224
69 40 11.4004
69 41 10.9071
69 42 7.28933
69 43 4.96909
69 44 4.86548
69 45 6.75659
69 46 9.35195
69 61 11.0622
69 62 7.64428
69 63 6.03342
69 64 4.14963
69 65 6.62346
69 66 8.41136
69 67 6.16899
69 68 3.78893
69 70 3.75866
69 71 6.90977
69 72 9.34906
69 88 9.85953
69 89 9.97828
69 90 7.31703
69 91 8.00601
69 92 11.6633
69 138 10.918
69 139 8.64952
69 140 10.034
69 143 11.3311
44
70 33 10.6838
70 34 9.86666
70 35 7.35659
70 36 9.17359
70 37 9.33208
70 38 9.67867
70 39 11.4173
70 42 9.39865
70 43 5.99537
70 44 5.88884
70 45 5.37848
70 46 7.77365
70 47 9.93954
70 61 10.0725
70 62 7.36295
70 63 5.40472
70 64 5.5186
70 65 7.83688
70 66 10.7195
70 67 9.43438
70 68 6.58622
70 69 3.75866
70 71 3.78346
70 72 5.74242
70 73 9.14701
70 74 11.9507
70 86 10.4683
70 87 9.71201
70 88 6.21435
70 89 6.92391
70 90 5.25889
70 91 5.79792
70 92 8.86503
70 93 10.3878
70 94 9.74551
70 102 11.5911
70 104 10.4854
70 117 9.6219
70 118 10.6572
70 119 11.4531
70 138 9.70624
70 139 8.77568
70 140 11.0521
70 143 10.9762
45
71 17 10.6966
71 18 9.6348
71 19 11.1277
71 20 10.4255
71 21 11.4061
71 33 8.71759
71 34 7.61137
71 35 4.26053
71 36 6.43476
71 37 7.97257
71 38 9.22507
71 42 9.96271
71 43 6.33179
71 44 6.93489
71 45 4.91358
71 46 7.61896
71 47 9.6356
71 61 11.5834
71 62 9.26552
71 63 8.32242
71 64 9.25359
71 65 11.5199
71 68 9.76739
71 69 6.90977
71 70 3.78346
71 72 3.83752
71 73 6.13314
71 74 9.55004
71 86 9.88824
71 87 8.43456
71 88 5.10499
71 89 5.03844
71 90 5.62559
71 91 7.39896
71 92 9.21971
71 93 10.7671
71 94 10.8724
71 117 8.76867
71 118 8.99374
71 119 8.74505
71 120 11.5658
71 135 10.4328
71 138 10.5423
71 139 10.6075
71 143 10.4911
52
72 17 11.1925
72 18 9.78504
72 19 9.92613
72 20 8.31532
72 21 8.28011
72 22 11.4545
72 31 11.9323
72 32 9.55415
72 33 6.0579
72 34 6.70762
72 35 4.73963
72 36 8.34347
72 37 9.75483
72 38 11.9771
72 43 9.76483
72 44 9.18315
72 45 6.03426
72 46 6.7018
72 47 7.13856
72 48 10.5591
72 61 9.9247
72 62 8.88397
72 63 8.06563
72 64 10.27
72 69 9.34906
72 70 5.74242
72 71 3.83752
72 73 3.80285
72 74 6.37612
72 75 8.40985
72 76 11.9484
72 84 11.4199
72 85 10.1468
72 86 6.42513
72 87 5.8674
72 88 3.99466
72 89 6.31295
72 90 7.84902
72 91 8.061
72 92 8.78258
72 93 8.93455
72 94 8.57314
72 95 11.0432
72 96 10.7679
72 102 11.8776
72 104 11.6672
72 117 9.53324
72 118 8.3524
72 119 7.52239
72 120 9.23137
72 121 11.5711
72 135 11.9541
53
73 16 11.9168
73 17 10.7476
73 18 8.22163
73 19 8.12325
73 20 5.57594
73 21 5.70157
73 22 9.38215
73 23 11.3752
73 31 11.6651
73 32 8.82732
73 33 5.95885
73 34 6.99934
73 35 5.26926
73 36 8.65431
73 37 11.1159
73 45 8.67388
73 46 9.19249
73 47 9.04134
73 48 11.6583
73 63 11.8396
73 70 9.14701
73 71 6.13314
73 72 3.80285
73 74 3.81126
73 75 7.13485
73 76 10.8231
73 85 10.6472
73 86 7.11026
73 87 5.72898
73 88 5.52829
73 89 6.87743
73 90 9.84423
73 91 10.5914
73 92 10.1759
73 93 10.2073
73 94 10.7438
73 117 9.94164
73 118 7.65565
73 119 5.16924
73 120 6.49993
73 121 9.52511
73 131 11.4839
73 132 10.6342
73 133 10.779
73 134 11.1369
73 135 11.3382
73 174 9.88612
73 175 10.5273
73 228 10.9881
73 229 10.3927
73 270 10.3064
73 271 9.68734
73 284 11.364
52
74 18 10.9668
74 19 9.74941
74 20 6.21048
74 21 3.93607
74 22 7.49264
74 23 8.66418
74 31 10.4772
74 32 8.51793
74 33 7.06381
74 34 9.55554
74 35 8.84128
74 45 11.8152
74 46 11.399
74 47 9.95187
74 70 11.9507
74 71 9.55004
74 72 6.37612
74 73 3.81126
74 75 3.79001
74 76 7.25128
74 77 10.5819
74 84 9.79793
74 85 8.23303
74 86 5.54988
74 87 5.00103
74 88 7.15476
74 89 9.33734
74 92 10.7872
74 93 9.62636
74 94 10.2309
74 95 11.6499
74 117 11.3426
74 118 8.11744
74 119 5.52532
74 120 4.28448
74 121 6.40557
74 122 9.23725
74 130 11.7305
74 131 9.39153
74 132 9.51039
74 133 10.8852
74 174 9.38192
74 175 8.75363
74 176 10.1629
74 228 10.5873
74 229 8.79369
74 230 11.0014
74 270 10.5019
74 271 8.58596
74 272 10.2896
74 273 10.9884
74 284 11.3486
50
75 19 11.886
75 20 8.49188
75 21 5.01409
75 22 6.91357
75 23 6.31121
75 24 9.33843
75 25 10.2078
75 30 11.1719
75 31 8.81823
75 32 8.32372
75 33 8.06514
75 34 11.4389
75 35 11.546
75 47 9.76367
75 48 11.5486
75 72 8.40985
75 73 7.13485
75 74 3.79001
75 76 3.76767
75 77 6.80764
75 78 9.72442
75 83 10.1694
75 84 6.45809
75 85 5.55712
75 86 4.51221
75 87 6.27898
75 88 9.18861
75 93 9.6574
75 94 9.40686
75 95 9.57501
75 96 9.79529
75 118 10.4884
75 119 8.7414
75 120 6.4865
75 121 6.37117
75 122 8.04451
75 123 9.88392
75 129 10.6758
75 130 11.3332
75 131 10.0332
75 132 11.449
75 175 10.8228
75 176 11.1274
75 229 10.7789
75 230 11.9145
75 271 10.3598
75 272 10.7573
75 273 10.0996
75 303 11.5788
75 305 11.8612
49
76 20 11.7781
76 21 8.06071
76 22 8.67945
76 23 6.47986
76 24 8.29218
76 25 8.48064
76 26 10.9001
76 30 11.4959
76 31 10.2172
76 32 10.9002
76 33 11.4551
76 72 11.9484
76 73 10.8231
76 74 7.25128
76 75 3.76767
76 77 3.81075
76 78 6.51754
76 79 9.5778
76 81 11.9322
76 82 10.4976
76 83 8.70142
76 84 5.74664
76 85 5.23846
76 86 6.66962
76 87 8.78365
76 93 10.9439
76 94 10.65
76 95 9.72702
76 96 10.3812
76 119 11.4998
76 120 8.49799
76 121 6.56827
76 122 6.4174
76 123 6.99267
76 124 10.5407
76 127 11.0549
76 128 11.3722
76 129 8.74707
76 130 10.2944
76 131 10.314
76 176 11.2328
76 177 11.046
76 231 11.5139
76 272 11.8324
76 273 10.0911
76 303 8.40552
76 304 8.5089
76 305 8.26815
76 306 11.3317
42
77 21 10.7846
77 22 10.382
77 23 7.12521
77 24 7.05768
77 25 5.67875
77 26 7.47413
77 27 10.6151
77 28 10.689
77 29 10.796
77 30 10.5963
77 31 10.1352
77 74 10.5819
77 75 6.80764
77 76 3.81075
77 78 3.76416
77 79 6.61486
77 80 9.47437
77 81 8.535
77 82 6.86808
77 83 5.95734
77 84 4.56976
77 85 6.13545
77 86 8.73987
77 87 11.7097
77 94 11.6867
77 95 9.51394
77 96 9.57327
77 97 10.2335
77 98 10.8914
77 121 10.1507
77 122 9.35997
77 123 8.46565
77 124 11.5223
77 127 10.7491
77 129 10.5348
77 273 11.6662
77 302 11.6217
77 303 8.20215
77 304 7.56838
77 305 5.75176
77 306 9.13949
77 307 11.2378
37
78 23 10.8743
78 24 10.334
78 25 8.05514
78 26 8.28888
78 27 11.8056
78 75 9.72442
78 76 6.51754
78 77 3.76416
78 79 3.79789
78 80 6.09479
78 81 5.87675
78 82 6.01593
78 83 5.62888
78 84 6.03309
78 85 6.91895
78 86 10.4546
78 95 9.28116
78 96 10.1894
78 97 10.4754
78 98 11.8798
78 121 11.5866
78 122 10.4001
78 123 8.19925
78 124 10.711
78 125 10.712
78 126 11.5556
78 127 8.27254
78 128 10.3392
78 129 9.68832
78 159 11.5269
78 303 9.29716
78 304 7.02258
78 305 5.35536
78 306 9.15647
78 307 10.0722
78 308 11.1423
78 309 11.3025
30
79 24 11.6596
79 25 9.14175
79 26 7.73345
79 27 11.4228
79 76 9.5778
79 77 6.61486
79 78 3.79789
79 80 3.80357
79 81 5.60408
79 82 6.77508
79 83 8.2381
79 84 9.57885
79 85 10.7009
79 123 9.50075
79 124 10.8011
79 125 9.46034
79 126 10.4101
79 127 7.98934
79 128 11.1457
79 129 11.653
79 159 11.8989
79 302 11.5611
79 303 8.9906
79 304 6.05643
79 305 4.00327
79 306 7.03841
79 307 7.07951
79 308 7.45337
79 309 7.73159
79 310 11.0861
21
80 25 11.4954
80 26 9.6336
80 77 9.47437
80 78 6.09479
80 79 3.80357
80 81 3.82377
80 82 6.89291
80 83 8.67925
80 84 11.1207
80 125 11.9233
80 126 11.8269
80 127 9.45827
80 159 11.5889
80 304 9.61201
80 305 7.68444
80 306 10.1595
80 307 9.55023
80 308 8.32931
80 309 7.21375
80 310 10.1554
80 311 11.9524
22
81 25 9.7929
81 26 8.52724
81 27 11.0773
81 76 11.9322
81 77 8.535
81 78 5.87675
81 79 5.60408
81 80 3.82377
81 82 3.78816
81 83 5.61157
81 84 8.86108
81 85 10.8646
81 95 10.7925
81 96 10.8642
81 97 9.28114
81 98 10.5318
81 127 11.9571
81 304 11.5061
81 305 8.80354
81 306 11.6447
81 308 11.4567
81 309 10.9109
23
82 24 10.1541
82 25 6.50447
82 26 5.94877
82 27 8.0482
82 28 10.4622
82 29 10.4968
82 76 10.4976
