253
0 LEU 1
1 LYS 2
2 ILE 3
3 ALA 4
4 ALA 5
5 PHE 6
6 ASN 7
7 ILE 8
8 ARG 9
9 THR 10
10 PHE 11
11 GLY 12
12 GLU 13
13 THR 14
14 LYS 15
15 MET 16
16 SER 17
17 ASN 18
18 ALA 19
19 THR 20
20 LEU 21
21 ALA 22
22 SER 23
23 TYR 24
24 ILE 25
25 VAL 26
26 ARG 27
27 ILE 28
28 VAL 29
29 ARG 30
30 ARG 31
31 TYR 32
32 ASP 33
33 ILE 34
34 VAL 35
35 LEU 36
36 ILE 37
37 GLN 38
38 GLU 39
39 VAL 40
40 ARG 41
41 ASP 42
42 SER 43
43 HIS 44
44 LEU 45
45 VAL 46
46 ALA 47
47 VAL 48
48 GLY 49
49 LYS 50
50 LEU 51
51 LEU 52
52 ASP 53
53 TYR 54
54 LEU 55
55 ASN 56
56 GLN 57
57 ASP 58
58 ASP 59
59 PRO 60
60 ASN 61
61 THR 62
62 TYR 63
63 HIS 64
64 TYR 65
65 VAL 66
66 VAL 67
67 SER 68
68 GLU 69
69 PRO 70
70 LEU 71
71 GLY 72
72 ARG 73
73 ASN 74
74 SER 75
75 TYR 76
76 LYS 77
77 GLU 78
78 ARG 79
79 TYR 80
80 LEU 81
81 PHE 82
82 LEU 83
83 PHE 84
84 ARG 85
85 PRO 86
86 ASN 87
87 LYS 88
88 VAL 89
89 SER 90
90 VAL 91
91 LEU 92
92 ASP 93
93 THR 94
94 TYR 95
95 GLN 96
96 TYR 97
97 ASP 98
98 ASP 99
99 ASP 107
100 SER 108
101 PHE 109
102 SER 110
103 ARG 111
104 GLU 112
105 PRO 113
106 ALA 114
107 VAL 115
108 VAL 116
109 LYS 117
110 PHE 118
111 SER 119
112 SER 120
113 HIS 121
114 SER 122
115 THR 123
116 LYS 124
117 VAL 125
118 LYS 126
119 GLU 127
120 PHE 128
121 ALA 129
122 ILE 130
123 VAL 131
124 ALA 132
125 LEU 133
126 HIS 134
127 SER 135
128 ALA 136
129 PRO 137
130 SER 138
131 ASP 139
132 ALA 140
133 VAL 141
134 ALA 142
135 GLU 143
136 ILE 144
137 ASN 145
138 SER 146
139 LEU 147
140 TYR 148
141 ASP 149
142 VAL 150
143 TYR 151
144 LEU 152
145 ASP 153
146 VAL 154
147 GLN 155
148 GLN 156
149 LYS 157
150 TRP 158
151 HIS 159
152 LEU 160
153 ASN 161
154 ASP 162
155 VAL 163
156 MET 164
157 LEU 165
158 MET 166
159 GLY 167
160 ASP 168
161 PHE 169
162 ASN 170
163 ALA 171
164 ASP 172
165 CYS 173
166 SER 174
167 TYR 175
168 VAL 176
169 THR 177
170 SER 178
171 SER 179
172 GLN 180
173 TRP 181
174 SER 182
175 SER 183
176 ILE 184
177 ARG 185
178 LEU 186
179 ARG 187
180 THR 188
181 SER 189
182 SER 190
183 THR 191
184 PHE 192
185 GLN 193
186 TRP 194
187 LEU 195
188 ILE 196
189 PRO 197
190 ASP 198
191 SER 199
192 ALA 200
193 ASP 201
194 THR 202
195 THR 203
196 ALA 204
197 THR 205
198 SER 206
199 THR 207
200 ASN 208
201 CYS 209
202 ALA 210
203 TYR 211
204 ASP 212
205 ARG 213
206 ILE 214
207 VAL 215
208 VAL 216
209 ALA 217
210 GLY 218
211 SER 219
212 LEU 220
213 LEU 221
214 GLN 222
215 SER 223
216 SER 224
217 VAL 225
218 VAL 226
219 PRO 227
220 GLY 228
221 SER 229
222 ALA 230
223 ALA 231
224 PRO 232
225 PHE 233
226 ASP 234
227 PHE 235
228 GLN 236
229 ALA 237
230 ALA 238
231 TYR 239
232 GLY 240
233 LEU 241
234 SER 242
235 ASN 243
236 GLU 244
237 MET 245
238 ALA 246
239 LEU 247
240 ALA 248
241 ILE 249
242 SER 250
243 ASP 251
244 HIS 252
245 TYR 253
246 PRO 254
247 VAL 255
248 GLU 256
249 VAL 257
250 THR 258
251 LEU 259
252 THR 260
30
0 1 3.81594
0 2 6.62448
0 3 10.2695
0 30 10.2429
0 31 7.70395
0 32 6.09
0 33 8.10377
0 34 11.0993
0 83 10.7973
0 84 10.2242
0 86 11.4831
0 87 7.90652
0 88 9.17531
0 111 11.9633
0 112 8.76714
0 113 10.0142
0 114 7.53565
0 115 7.28889
0 116 10.516
0 117 10.8782
0 118 11.6344
0 216 9.84194
0 217 9.65174
0 218 9.90752
0 221 11.0256
0 248 10.5172
0 249 8.41173
0 250 5.57359
0 251 5.07451
0 252 6.44714
33
1 0 3.81594
1 2 3.81661
1 3 6.86818
1 4 10.6099
1 28 10.7117
1 29 10.244
1 30 7.56688
1 31 5.0324
1 32 5.25996
1 33 6.58588
1 34 8.4957
1 35 11.6266
1 82 11.9131
1 83 10.2262
1 84 10.5274
1 87 10.1935
1 88 11.116
1 112 11.5736
1 114 11.3075
1 115 10.7777
1 216 11.5697
1 217 10.1276
1 218 10.1868
1 221 9.31176
1 222 9.86711
1 223 11.6308
1 246 11.9256
1 247 10.6586
1 248 7.05468
1 249 5.93352
1 250 4.58403
1 251 6.4476
1 252 9.10595
43
2 0 6.62448
2 1 3.81661
2 3 3.83078
2 4 7.20212
2 5 10.0882
2 27 11.8007
2 28 10.1367
2 29 10.9906
2 30 8.95363
2 31 5.75996
2 32 5.9737
2 33 4.77021
2 34 5.7518
2 35 8.21406
2 36 11.3036
2 81 10.4106
2 82 9.96132
2 83 9.15148
2 84 10.8277
2 87 11.4925
2 88 11.2223
2 110 11.9457
2 112 11.9299
2 122 10.1237
2 156 10.0982
2 157 11.7085
2 158 10.0599
2 159 11.5306
2 206 9.90092
2 217 10.6661
2 218 11.741
2 221 10.4086
2 222 9.49166
2 223 10.9604
2 224 11.5966
2 225 11.64
2 246 9.84712
2 247 8.52367
2 248 5.5676
2 249 5.49646
2 250 6.3526
2 251 7.92371
2 252 11.3411
45
3 0 10.2695
3 1 6.86818
3 2 3.83078
3 4 3.80274
3 5 6.39477
3 6 10.0455
3 27 9.9334
3 28 8.82971
3 29 10.873
3 30 9.07002
3 31 6.76024
3 32 8.40495
3 33 6.46096
3 34 4.78338
3 35 6.28003
3 36 8.61516
3 37 11.114
3 80 11.8807
3 81 9.85563
3 82 9.90579
3 83 10.5369
3 122 10.8313
3 124 11.0324
3 156 10.8725
3 157 11.1964
3 158 8.44862
3 159 8.7775
3 160 11.3041
3 188 11.6978
3 204 10.3281
3 205 10.0174
3 206 8.68072
3 207 11.8723
3 221 11.2121
3 222 9.30447
3 223 9.48576
3 224 9.01448
3 225 9.19504
3 245 9.99954
3 246 6.21105
3 247 5.50287
3 248 4.12074
3 249 6.48053
3 250 8.89222
3 251 11.2096
49
4 1 10.6099
4 2 7.20212
4 3 3.80274
4 5 3.7906
4 6 6.82613
4 7 9.57794
4 27 11.2098
4 28 10.1704
4 30 11.9977
4 31 9.93522
4 32 11.4067
4 33 8.61059
4 34 5.67177
4 35 4.59291
4 36 6.21241
4 37 7.77204
4 38 11.2921
4 79 10.3243
4 80 9.99719
4 81 9.0749
4 82 10.2898
4 122 10.3367
4 123 10.6786
4 124 8.40719
4 125 9.65926
4 126 9.93464
4 156 10.8101
4 157 9.83869
4 158 6.36432
4 159 5.4103
4 160 7.80709
4 161 10.8222
4 188 11.566
4 194 10.8907
4 203 11.4504
4 204 7.82324
4 205 8.26454
4 206 8.0462
4 207 11.2988
4 222 11.2547
4 223 10.7657
4 224 9.46888
4 225 10.3089
4 244 10.2104
4 245 8.87712
4 246 5.51322
4 247 5.57459
4 248 6.59112
4 249 9.34683
49
5 2 10.0882
5 3 6.39477
5 4 3.7906
5 6 3.77647
5 7 5.92348
5 8 9.18221
5 9 11.5964
5 10 10.5028
5 24 10.2178
5 27 9.51744
5 28 9.12102
5 31 11.0128
5 33 10.7598
5 34 7.12996
5 35 5.9399
5 36 4.94683
5 37 6.18538
5 38 8.9867
5 39 10.7031
5 79 10.2858
5 80 9.91037
5 81 10.1224
5 82 10.9291
5 124 10.5702
5 125 10.961
5 126 9.88454
5 158 9.39627
5 159 7.00827
5 160 7.73978
5 161 11.4115
5 194 9.92431
5 195 10.925
5 196 11.991
5 203 11.2003
5 204 8.24691
5 205 10.1929
5 206 11.0864
5 224 9.62801
5 225 9.70373
5 226 11.666
5 227 11.6035
5 241 11.0723
5 242 9.09749
5 243 10.2987
5 244 7.41876
5 245 6.66336
5 246 4.27534
5 247 6.713
5 248 8.73876
44
6 3 10.0455
6 4 6.82613
6 5 3.77647
6 7 3.82409
6 8 5.99029
6 9 8.48744
6 10 8.42032
6 24 11.3066
6 28 11.9198
6 34 10.3206
6 35 8.13978
6 36 5.76694
6 37 4.59162
6 38 6.08042
6 39 8.73658
6 40 11.6598
6 77 10.9621
6 78 11.1725
6 79 9.71557
6 80 10.3775
6 81 11.8367
6 124 11.026
6 125 10.2601
6 126 7.96135
6 127 11.0954
6 158 10.7229
6 159 7.33931
6 160 6.47337
6 161 10.1872
6 162 10.8985
6 194 10.0866
6 195 9.98585
6 196 11.1427
6 203 10.1857
6 204 8.29751
6 205 11.1266
6 224 11.722
6 241 10.1104
6 242 7.3711
6 243 8.12635
6 244 6.12821
6 245 7.4265
6 246 6.86556
6 247 9.3699
43
7 4 9.57794
7 5 5.92348
7 6 3.82409
7 8 3.8008
7 9 6.13915
7 10 5.47258
7 11 9.26401
7 14 9.61316
7 15 11.0073
7 20 11.0992
7 21 11.4221
7 23 11.3998
7 24 8.66013
7 25 11.9073
7 27 10.8999
7 28 11.0367
7 34 11.4913
7 35 9.94346
7 36 6.59612
7 37 6.13054
7 38 6.08846
7 39 7.68427
7 40 10.1664
7 77 11.2285
7 78 11.6212
7 79 11.0013
7 80 10.904
7 126 11.072
7 159 11.0786
7 160 10.1826
7 195 11.2225
7 196 11.1048
7 204 11.8008
7 238 11.2147
7 239 10.043
7 240 9.75439
7 241 7.00622
7 242 5.19086
7 243 7.5321
7 244 7.05854
7 245 8.43011
7 246 8.55883
7 247 11.9124
30
8 5 9.18221
8 6 5.99029
8 7 3.8008
8 9 3.79957
8 10 5.63971
8 11 8.89181
8 13 11.3716
8 14 9.25095
8 15 11.7359
8 20 11.9405
8 24 11.4128
8 36 9.75635
8 37 7.9897
8 38 6.07383
8 39 8.28148
8 40 9.40147
8 77 10.7839
8 126 11.4766
8 160 11.0197
8 195 11.2041
8 196 10.9662
8 238 11.2819
8 239 8.89235
8 240 8.6154
8 241 7.3836
8 242 4.99945
8 243 6.35505
8 244 7.58026
8 245 10.2686
8 246 11.4174
27
9 5 11.5964
9 6 8.48744
9 7 6.13915
9 8 3.79957
9 10 3.80453
9 11 5.91669
9 12 9.27775
9 13 9.00614
9 14 8.01248
9 15 10.3688
9 36 10.5152
9 37 8.4667
9 38 5.30321
9 39 6.24769
9 40 6.06967
9 41 9.0691
9 46 10.8436
9 75 11.0779
9 76 10.5311
9 77 8.66354
9 78 10.6266
9 239 11.7249
9 240 10.4338
9 241 9.64515
9 242 8.36719
9 243 9.98609
9 244 11.3408
37
10 5 10.5028
10 6 8.42032
10 7 5.47258
10 8 5.63971
10 9 3.80453
10 11 3.83062
10 12 7.34042
10 13 8.10331
10 14 6.4428
10 15 7.53399
10 16 10.7263
10 17 11.7184
10 20 10.7581
10 21 10.3955
10 24 10.0245
10 36 8.43863
10 37 7.66774
10 38 5.69368
10 39 4.67463
10 40 5.81876
10 41 7.47387
10 42 11.1523
10 44 10.7364
10 45 10.8429
10 46 7.58759
10 47 8.81956
10 49 11.6344
10 50 10.4312
10 76 11.7309
10 77 9.10817
10 78 9.69386
10 79 10.6986
10 80 10.4153
10 240 11.0266
10 241 9.2157
10 242 8.95894
10 243 11.6131
31
11 7 9.26401
11 8 8.89181
11 9 5.91669
11 10 3.83062
11 12 3.79757
11 13 5.61739
11 14 5.75121
11 15 6.24346
11 16 8.58702
11 17 10.6063
11 20 11.4484
11 21 10.7234
11 36 11.4554
11 37 10.8096
11 38 8.47094
11 39 6.15219
11 40 5.25423
11 41 5.31751
11 42 8.96345
11 43 9.94286
11 44 8.60497
11 45 7.96465
11 46 5.32478
11 47 7.9238
11 48 10.5896
11 49 10.0449
11 50 10.1695
11 76 11.8825
11 77 10.0648
11 78 10.6849
11 241 11.6255
23
12 9 9.27775
12 10 7.34042
12 11 3.79757
12 13 3.82145
12 14 5.64934
12 15 5.15286
12 16 5.86802
12 17 8.79632
12 18 11.4696
12 20 11.3316
12 21 10.3655
12 39 9.6856
12 40 8.33875
12 41 6.97109
12 42 9.93814
12 43 9.71521
12 44 8.79456
12 45 6.58695
12 46 4.8566
12 47 8.56651
12 48 9.88761
12 49 8.69476
12 50 10.1157
22
13 8 11.3716
13 9 9.00614
13 10 8.10331
13 11 5.61739
13 12 3.82145
13 14 3.82443
13 15 5.59645
13 16 5.27764
13 17 6.75053
13 18 10.2433
13 19 11.8028
13 20 9.64324
13 21 9.96675
13 39 11.6622
13 40 10.2702
13 41 10.0654
13 45 10.3394
13 46 8.2526
13 47 11.8142
13 49 11.29
13 240 11.2706
13 241 11.5035
30
14 7 9.61316
14 8 9.25095
14 9 8.01248
14 10 6.4428
14 11 5.75121
14 12 5.64934
14 13 3.82443
14 15 3.82611
14 16 5.44579
14 17 5.49138
14 18 8.42816
14 19 9.2002
14 20 6.30112
14 21 6.86905
14 22 10.4671
14 23 10.7181
14 24 9.44408
14 25 11.9281
14 39 10.8085
14 40 10.6824
14 41 10.9828
14 45 11.3494
14 46 8.18532
14 47 11.0227
14 49 10.5867
14 50 10.459
14 239 11.9036
14 240 8.55035
14 241 8.00035
14 242 10.1011
33
15 7 11.0073
15 8 11.7359
15 9 10.3688
15 10 7.53399
15 11 6.24346
15 12 5.15286
15 13 5.59645
15 14 3.82611
15 16 3.81406
15 17 5.52691
15 18 7.13855
15 19 9.10113
15 20 6.85036
15 21 5.22878
15 22 8.99871
15 23 10.3284
15 24 8.66081
15 25 9.98915
15 39 11.0169
15 40 11.3619
15 41 10.4954
15 44 11.2081
15 45 8.88072
15 46 5.6966
15 47 8.38265
15 48 9.5616
15 49 6.84877
15 50 7.09699
15 51 10.7953
15 52 11.1102
15 53 10.2324
15 240 11.6381
15 241 10.2047
20
16 10 10.7263
16 11 8.58702
16 12 5.86802
16 13 5.27764
16 14 5.44579
16 15 3.81406
16 17 3.84799
16 18 6.03327
16 19 8.89181
16 20 8.01576
16 21 7.07671
16 22 10.338
16 24 11.6498
16 45 9.9093
16 46 7.91649
16 47 11.1345
16 48 11.2918
16 49 8.21976
16 50 9.75869
16 53 11.6599
19
17 10 11.7184
17 11 10.6063
17 12 8.79632
17 13 6.75053
17 14 5.49138
17 15 5.52691
17 16 3.84799
17 18 3.82843
17 19 5.57803
17 20 5.30842
17 21 6.01078
17 22 8.60956
17 23 10.2848
17 24 10.6438
17 46 10.9609
17 49 10.9968
17 50 11.5571
17 240 10.4313
17 241 10.4138
17
18 12 11.4696
18 13 10.2433
18 14 8.42816
18 15 7.13855
18 16 6.03327
18 17 3.82843
18 19 3.79595
18 20 5.45634
18 21 4.97724
18 22 6.06266
18 23 8.80934
18 24 9.88805
18 25 10.2913
18 49 10.6886
18 50 10.9125
18 53 10.4836
18 241 11.6239
17
19 13 11.8028
19 14 9.2002
19 15 9.10113
19 16 8.89181
19 17 5.57803
19 18 3.79595
19 20 3.82833
19 21 5.51606
19 22 5.27361
19 23 6.69531
19 24 8.96334
19 25 10.0753
19 26 10.8938
19 237 9.75479
19 238 11.6499
19 240 10.1004
19 241 9.53714
27
20 7 11.0992
20 8 11.9405
20 10 10.7581
20 11 11.4484
20 12 11.3316
20 13 9.64324
20 14 6.30112
20 15 6.85036
20 16 8.01576
20 17 5.30842
20 18 5.45634
20 19 3.82833
20 21 3.7972
20 22 5.42201
20 23 5.3926
20 24 6.37924
20 25 8.67596
20 26 10.0265
20 27 10.9319
20 50 11.0772
20 233 11.8656
20 237 8.73025
20 238 9.67363
20 239 10.5934
20 240 7.49056
20 241 6.20651
20 242 9.89668
30
21 7 11.4221
21 10 10.3955
21 11 10.7234
21 12 10.3655
21 13 9.96675
21 14 6.86905
21 15 5.22878
21 16 7.07671
21 17 6.01078
21 18 4.97724
21 19 5.51606
21 20 3.7972
21 22 3.81202
21 23 5.5387
21 24 5.14586
21 25 6.08794
21 26 8.60055
21 27 9.99265
21 28 10.4352
21 46 9.92369
21 47 11.1986
21 49 8.90107
21 50 7.53618
21 51 10.9453
21 52 11.0507
21 53 8.47611
21 54 10.4345
21 240 10.8042
21 241 8.65875
21 242 11.8453
22
22 14 10.4671
22 15 8.99871
22 16 10.338
22 17 8.60956
22 18 6.06266
22 19 5.27361
22 20 5.42201
22 21 3.81202
22 23 3.82722
22 24 5.50219
22 25 5.08389
22 26 6.15972
22 27 8.71824
22 28 9.88112
22 29 10.6034
22 49 11.3291
22 50 9.52243
22 52 11.9416
22 53 8.50452
22 54 10.0228
22 231 11.8641
22 241 10.0501
31
23 7 11.3998
23 14 10.7181
23 15 10.3284
23 17 10.2848
23 18 8.80934
23 19 6.69531
23 20 5.3926
23 21 5.5387
23 22 3.82722
23 24 3.81033
23 25 5.36161
23 26 4.9837
23 27 6.21761
23 28 8.56467
23 29 9.95531
23 30 11.409
23 50 11.1856
23 53 11.2924
23 54 11.8404
23 227 8.99368
23 228 10.4814
23 230 11.2495
23 231 8.96018
23 232 11.6773
23 233 10.3697
23 237 9.98943
23 238 9.53843
23 239 11.854
23 240 10.2343
23 241 7.44221
23 242 10.5098
39
24 5 10.2178
24 6 11.3066
24 7 8.66013
24 8 11.4128
24 10 10.0245
24 14 9.44408
24 15 8.66081
24 16 11.6498
24 17 10.6438
24 18 9.88805
24 19 8.96334
24 20 6.37924
24 21 5.14586
24 22 5.50219
24 23 3.81033
24 25 3.81208
24 26 5.45626
24 27 5.19464
24 28 6.09078
24 29 8.63056
24 30 10.4469
24 31 11.8719
24 34 11.6382
24 36 10.517
24 46 11.8137
24 47 11.7697
24 49 11.4541
24 50 8.46793
24 51 11.2267
24 53 10.0074
24 54 10.0539
24 227 10.0643
24 231 11.8189
24 238 10.906
24 240 10.7384
24 241 7.2495
24 242 9.47323
24 245 11.4492
24 246 10.9257
29
25 7 11.9073
25 14 11.9281
25 15 9.98915
25 18 10.2913
25 19 10.0753
25 20 8.67596
25 21 6.08794
25 22 5.08389
25 23 5.36161
25 24 3.81208
25 26 3.82826
25 27 5.46885
25 28 5.07711
25 29 6.11476
25 30 9.00279
25 31 10.5898
25 34 11.5835
25 47 11.6918
25 49 10.4913
25 50 7.29605
25 51 9.11285
25 52 10.2316
25 53 7.11877
25 54 6.67995
25 55 10.4436
25 56 11.3421
25 62 11.3379
25 82 11.4273
25 241 10.9868
19
26 19 10.8938
26 20 10.0265
26 21 8.60055
26 22 6.15972
26 23 4.9837
26 24 5.45626
26 25 3.82826
26 27 3.80901
26 28 5.5689
26 29 5.36441
26 30 7.02278
26 31 9.81994
26 50 11.1078
26 53 10.1633
26 54 9.25591
26 227 9.83879
26 230 11.1402
26 231 9.87938
26 241 11.5347
36
27 2 11.8007
27 3 9.9334
27 4 11.2098
27 5 9.51744
27 7 10.8999
27 20 10.9319
27 21 9.99265
27 22 8.71824
27 23 6.21761
27 24 5.19464
27 25 5.46885
27 26 3.80901
27 28 3.82909
27 29 5.53847
27 30 5.72584
27 31 7.86363
27 32 11.3381
27 33 11.7275
27 34 9.73243
27 35 11.974
27 36 11.2098
27 50 11.8381
27 54 10.9613
27 82 11.9817
27 225 9.0889
27 226 10.3344
27 227 7.81451
27 228 11.1543
27 230 10.2473
27 231 10.063
27 241 10.3363
27 242 11.5431
27 245 10.0589
27 246 8.65608
27 247 11.4211
27 248 11.201
37
28 1 10.7117
28 2 10.1367
28 3 8.82971
28 4 10.1704
28 5 9.12102
28 6 11.9198
28 7 11.0367
28 21 10.4352
28 22 9.88112
28 23 8.56467
28 24 6.09078
28 25 5.07711
28 26 5.5689
28 27 3.82909
28 29 3.83094
28 30 5.48804
28 31 5.91971
28 32 8.61812
28 33 8.7264
28 34 6.9662
28 35 9.58077
28 36 9.25585
28 50 9.61429
28 51 10.4054
28 53 10.6236
28 54 8.42457
28 55 11.9053
28 61 11.4759
28 62 9.84099
28 81 10.8293
28 82 8.28683
28 83 9.64401
28 84 10.686
28 225 11.4855
28 227 11.4027
28 246 9.66053
28 248 11.311
25
29 1 10.244
29 2 10.9906
29 3 10.873
29 22 10.6034
29 23 9.95531
29 24 8.63056
29 25 6.11476
29 26 5.36441
29 27 5.53847
29 28 3.83094
29 30 3.83181
29 31 5.40656
29 32 7.78831
29 33 9.50646
29 34 9.24074
29 50 11.2388
29 51 11.1617
29 53 10.4496
29 54 7.68167
29 55 10.6686
29 61 9.55014
29 62 9.17081
29 82 9.90227
29 83 9.91224
29 84 9.50521
28
30 0 10.2429
30 1 7.56688
30 2 8.95363
30 3 9.07002
30 4 11.9977
30 23 11.409
30 24 10.4469
30 25 9.00279
30 26 7.02278
30 27 5.72584
30 28 5.48804
30 29 3.83181
30 31 3.82918
30 32 7.22733
30 33 9.1992
30 34 9.1792
30 54 11.4915
30 62 11.9074
30 82 11.533
30 83 11.115
30 84 10.8663
30 225 10.3511
30 227 11.4428
30 246 10.897
30 247 11.9772
30 248 9.89548
30 249 11.3409
30 250 11.1709
35
31 0 7.70395
31 1 5.0324
31 2 5.75996
31 3 6.76024
31 4 9.93522
31 5 11.0128
31 24 11.8719
31 25 10.5898
31 26 9.81994
31 27 7.86363
31 28 5.91971
31 29 5.40656
31 30 3.82918
31 32 3.79477
31 33 5.45185
31 34 6.24091
31 35 9.94859
31 36 11.7325
31 54 11.7817
31 61 11.4304
31 62 10.1696
31 81 11.1862
31 82 8.8175
31 83 7.94145
31 84 8.28467
31 85 11.9517
31 87 10.5282
31 88 11.7405
31 225 11.5086
31 246 10.6513
31 247 11.1069
31 248 8.59386
31 249 9.57111
31 250 9.38378
31 251 11.4317
33
32 0 6.09
32 1 5.25996
32 2 5.9737
32 3 8.40495
32 4 11.4067
32 27 11.3381
32 28 8.61812
32 29 7.78831
32 30 7.22733
32 31 3.79477
32 33 3.80433
32 34 6.75112
32 35 10.3362
32 61 9.97865
32 62 8.62683
32 63 10.4275
32 64 11.3758
32 81 10.2903
32 82 7.88464
32 83 5.49018
32 84 5.36192
32 85 8.63948
32 86 9.28041
32 87 6.92184
32 88 7.9615
32 89 10.8548
32 110 11.699
32 112 10.5152
32 114 11.3497
32 248 10.6946
32 249 10.6717
32 250 9.72057
32 251 10.4593
43
33 0 8.10377
33 1 6.58588
33 2 4.77021
33 3 6.46096
33 4 8.61059
33 5 10.7598
33 27 11.7275
33 28 8.7264
33 29 9.50646
33 30 9.1992
33 31 5.45185
33 32 3.80433
33 34 3.81169
33 35 6.86782
33 36 9.85515
33 61 11.6877
33 62 9.1377
33 63 9.73527
33 64 9.37105
33 65 10.9092
33 80 10.4281
33 81 6.95091
33 82 5.65469
33 83 4.41223
33 84 6.775
33 85 9.54506
33 86 11.3533
33 87 9.00564
33 88 8.34899
33 89 10.2961
33 90 10.9292
33 108 11.0869
33 110 9.88262
33 111 11.6987
33 112 10.8133
33 121 11.8533
33 122 10.0899
33 158 11.9723
33 247 11.9613
33 248 9.78356
33 249 10.2614
33 250 10.4629
33 251 11.132
41
34 0 11.0993
34 1 8.4957
34 2 5.7518
34 3 4.78338
34 4 5.67177
34 5 7.12996
34 6 10.3206
34 7 11.4913
34 24 11.6382
34 25 11.5835
34 27 9.73243
34 28 6.9662
34 29 9.24074
34 30 9.1792
34 31 6.24091
34 32 6.75112
34 33 3.81169
34 35 3.77599
34 36 6.24926
34 37 9.68899
34 62 10.2574
34 63 10.745
34 64 9.44502
34 65 10.669
34 66 11.8193
34 79 10.439
34 80 8.11586
34 81 5.64758
34 82 5.13828
34 83 6.50038
34 84 9.47222
34 88 11.9662
34 108 11.8305
34 122 10.4933
34 124 10.6122
34 158 10.3766
34 159 10.3501
34 246 9.0902
34 247 9.8374
34 248 8.8211
34 249 10.6257
46
35 1 11.6266
35 2 8.21406
35 3 6.28003
35 4 4.59291
35 5 5.9399
35 6 8.13978
35 7 9.94346
35 27 11.974
35 28 9.58077
35 31 9.94859
35 32 10.3362
35 33 6.86782
35 34 3.77599
35 36 3.82066
35 37 6.47436
35 38 10.1727
35 39 10.4578
35 64 9.69059
35 65 9.65753
35 66 9.76252
35 67 11.2678
35 78 10.4614
35 79 7.01276
35 80 5.71473
35 81 4.54531
35 82 6.4487
35 83 8.86526
35 105 11.9711
35 106 10.3216
35 107 10.9619
35 108 10.4974
35 122 9.19954
35 123 9.73317
35 124 7.40381
35 125 9.68632
35 126 10.3726
35 156 11.6315
35 157 10.9681
35 158 8.28745
35 159 7.62617
35 160 10.3476
35 204 11.7593
35 206 11.4509
35 246 9.24596
35 247 10.0604
35 248 10.2274
46
36 2 11.3036
36 3 8.61516
36 4 6.21241
36 5 4.94683
36 6 5.76694
36 7 6.59612
36 8 9.75635
36 9 10.5152
36 10 8.43863
36 11 11.4554
36 24 10.517
36 27 11.2098
36 28 9.25585
36 31 11.7325
36 33 9.85515
36 34 6.24926
36 35 3.82066
36 37 3.79197
36 38 6.96595
36 39 7.12711
36 40 10.94
36 47 10.2453
36 50 11.4293
36 64 10.5255
36 65 10.6603
36 66 9.61213
36 67 11.0609
36 77 10.3528
36 78 8.60562
36 79 6.20363
36 80 5.0957
36 81 6.28558
36 82 7.70806
36 83 11.0496
36 106 11.7446
36 124 9.29879
36 125 10.4106
36 126 9.73106
36 158 10.6178
36 159 8.57879
36 160 10.0226
36 242 11.4868
36 244 11.43
36 245 11.3779
36 246 9.06846
36 247 11.1315
44
37 3 11.114
37 4 7.77204
37 5 6.18538
37 6 4.59162
37 7 6.13054
37 8 7.9897
37 9 8.4667
37 10 7.66774
37 11 10.8096
37 34 9.68899
37 35 6.47436
37 36 3.79197
37 38 3.79953
37 39 5.53348
37 40 8.93958
37 41 11.1883
37 47 11.7098
37 66 10.339
37 67 10.5146
37 69 11.1523
37 70 11.1498
37 76 11.0176
37 77 7.36379
37 78 6.72359
37 79 5.21965
37 80 6.50582
37 81 8.87728
37 82 11.1327
37 103 10.5163
37 105 11.305
37 106 10.9971
37 124 8.60823
37 125 8.36518
37 126 6.67913
37 127 10.3687
37 158 10.5093
37 159 7.60842
37 160 8.01299
37 161 11.1268
37 204 11.0733
37 242 11.0387
37 244 10.687
37 245 11.8159
37 246 10.3509
40
38 4 11.2921
38 5 8.9867
38 6 6.08042
38 7 6.08846
38 8 6.07383
38 9 5.30321
38 10 5.69368
38 11 8.47094
38 35 10.1727
38 36 6.96595
38 37 3.79953
38 39 3.80633
38 40 5.96755
38 41 9.06671
38 42 11.6471
38 46 11.8193
38 47 11.7342
38 66 11.8183
38 67 11.5207
38 69 9.88902
38 70 10.0951
38 71 11.2925
38 75 10.3702
38 76 8.41244
38 77 5.21082
38 78 6.43346
38 79 7.12665
38 80 8.81862
38 81 11.9528
38 103 10.3525
38 124 11.6133
38 125 10.4989
38 126 7.7883
38 127 10.7393
38 128 11.5642
38 159 10.521
38 160 9.73743
38 242 10.4583
38 243 11.5766
38 244 11.2271
39
39 5 10.7031
39 6 8.73658
39 7 7.68427
39 8 8.28148
39 9 6.24769
39 10 4.67463
39 11 6.15219
39 12 9.6856
39 13 11.6622
39 14 10.8085
39 15 11.0169
39 35 10.4578
39 36 7.12711
39 37 5.53348
39 38 3.80633
39 40 3.83256
39 41 5.70066
39 42 8.57804
39 43 10.7278
39 44 8.95706
39 45 10.6845
39 46 8.45722
39 47 8.26185
39 48 11.9782
39 50 11.6737
39 66 9.48193
39 67 9.82917
39 68 10.1253
39 69 8.36871
39 70 9.99796
39 75 11.0095
39 76 8.41245
39 77 5.16938
39 78 5.02584
39 79 6.61659
39 80 7.21597
39 81 10.8104
39 103 11.8659
39 126 10.7772
34
40 6 11.6598
40 7 10.1664
40 8 9.40147
40 9 6.06967
40 10 5.81876
40 11 5.25423
40 12 8.33875
40 13 10.2702
40 14 10.6824
40 15 11.3619
40 36 10.94
40 37 8.93958
40 38 5.96755
40 39 3.83256
40 41 3.80308
40 42 6.30455
40 43 9.10708
40 44 8.67926
40 45 10.0671
40 46 8.65385
40 47 9.72064
40 66 11.784
40 67 11.5383
40 68 10.5012
40 69 7.77598
40 70 9.80467
40 71 11.1495
40 74 11.0842
40 75 8.58616
40 76 6.67556
40 77 5.13829
40 78 6.67432
40 79 9.59709
40 80 10.6012
31
41 9 9.0691
41 10 7.47387
41 11 5.31751
41 12 6.97109
41 13 10.0654
41 14 10.9828
41 15 10.4954
41 37 11.1883
41 38 9.06671
41 39 5.70066
41 40 3.80308
41 42 3.80577
41 43 5.50616
41 44 5.11465
41 45 6.58378
41 46 6.26191
41 47 7.42155
41 48 9.91742
41 49 11.2436
41 50 11.8374
41 66 10.824
41 67 11.2573
41 68 10.0069
41 69 8.22005
41 70 11.3536
41 75 11.2721
41 76 9.03807
41 77 7.76116
41 78 7.76415
41 79 10.6749
41 80 10.6711
24
42 10 11.1523
42 11 8.96345
42 12 9.93814
42 38 11.6471
42 39 8.57804
42 40 6.30455
42 41 3.80577
42 43 3.81218
42 44 5.76424
42 45 8.01921
42 46 9.23898
42 47 9.92131
42 48 11.6775
42 66 11.2655
42 67 10.9254
42 68 8.5428
42 69 6.89373
42 70 10.4588
42 74 11.428
42 75 10.9216
42 76 8.63814
42 77 8.60721
42 78 8.57098
42 79 11.9914
17
43 11 9.94286
43 12 9.71521
43 39 10.7278
43 40 9.10708
43 41 5.50616
43 42 3.81218
43 44 3.80685
43 45 5.54885
43 46 8.18491
43 47 8.8003
43 48 9.30493
43 49 11.6689
43 66 11.7386
43 68 10.4511
43 69 9.97488
43 77 11.944
43 78 11.0929
26
44 10 10.7364
44 11 8.60497
44 12 8.79456
44 15 11.2081
44 39 8.95706
44 40 8.67926
44 41 5.11465
44 42 5.76424
44 43 3.80685
44 45 3.77633
44 46 5.53279
44 47 5.09299
44 48 6.01918
44 49 8.68462
44 50 9.92681
44 51 10.6055
44 64 11.878
44 65 11.8458
44 66 9.39322
44 67 11.0377
44 68 10.3343
44 69 10.3992
44 77 11.5266
44 78 9.87527
44 79 11.9079
44 80 10.5307
20
45 10 10.8429
45 11 7.96465
45 12 6.58695
45 13 10.3394
45 14 11.3494
45 15 8.88072
45 16 9.9093
45 39 10.6845
45 40 10.0671
45 41 6.58378
45 42 8.01921
45 43 5.54885
45 44 3.77633
45 46 3.82778
45 47 5.45129
45 48 4.99657
45 49 6.30975
45 50 8.73271
45 51 10.0687
45 52 10.6099
28
46 9 10.8436
46 10 7.58759
46 11 5.32478
46 12 4.8566
46 13 8.2526
46 14 8.18532
46 15 5.6966
46 16 7.91649
46 17 10.9609
46 21 9.92369
46 24 11.8137
46 38 11.8193
46 39 8.45722
46 40 8.65385
46 41 6.26191
46 42 9.23898
46 43 8.18491
46 44 5.53279
46 45 3.82778
46 47 3.80371
46 48 5.35623
46 49 5.16559
46 50 6.27627
46 51 8.77474
46 52 9.91384
46 53 10.9281
46 78 11.8364
46 80 11.3572
38
47 10 8.81956
47 11 7.9238
47 12 8.56651
47 13 11.8142
47 14 11.0227
47 15 8.38265
47 16 11.1345
47 21 11.1986
47 24 11.7697
47 25 11.6918
47 36 10.2453
47 37 11.7098
47 38 11.7342
47 39 8.26185
47 40 9.72064
47 41 7.42155
47 42 9.92131
47 43 8.8003
47 44 5.09299
47 45 5.45129
47 46 3.80371
47 48 3.84262
47 49 5.51451
47 50 5.14563
47 51 6.31136
47 52 8.63963
47 53 10.1186
47 54 10.5924
47 62 11.7988
47 63 10.977
47 64 9.34316
47 65 10.6477
47 66 9.23971
47 78 10.5224
47 79 11.1113
47 80 8.51736
47 81 10.6397
47 82 10.0273
25
48 11 10.5896
48 12 9.88761
48 15 9.5616
48 16 11.2918
48 39 11.9782
48 41 9.91742
48 42 11.6775
48 43 9.30493
48 44 6.01918
48 45 4.99657
48 46 5.35623
48 47 3.84262
48 49 3.81464
48 50 5.47845
48 51 5.35299
48 52 6.21264
48 53 8.84758
48 54 9.96055
48 55 10.3761
48 62 11.7109
48 63 11.0006
48 64 10.4338
48 66 11.5399
48 80 11.7244
48 82 11.9349
27
49 10 11.6344
49 11 10.0449
49 12 8.69476
49 13 11.29
49 14 10.5867
49 15 6.84877
49 16 8.21976
49 17 10.9968
49 18 10.6886
49 21 8.90107
49 22 11.3291
49 24 11.4541
49 25 10.4913
49 41 11.2436
49 43 11.6689
49 44 8.68462
49 45 6.30975
49 46 5.16559
49 47 5.51451
49 48 3.81464
49 50 3.81806
49 51 5.56525
49 52 5.08299
49 53 6.44269
49 54 8.74538
49 55 9.87546
49 56 10.6798
39
50 10 10.4312
50 11 10.1695
50 12 10.1157
50 14 10.459
50 15 7.09699
50 16 9.75869
50 17 11.5571
50 18 10.9125
50 20 11.0772
50 21 7.53618
50 22 9.52243
50 23 11.1856
50 24 8.46793
50 25 7.29605
50 26 11.1078
50 27 11.8381
50 28 9.61429
50 29 11.2388
50 36 11.4293
50 39 11.6737
50 41 11.8374
50 44 9.92681
50 45 8.73271
50 46 6.27627
50 47 5.14563
50 48 5.47845
50 49 3.81806
50 51 3.79018
50 52 5.38668
50 53 5.28389
50 54 6.25864
50 55 8.56018
50 56 10.1704
50 61 11.8615
50 62 9.99466
50 63 10.8951
50 64 10.7957
50 80 11.3595
50 82 10.0833
32
51 15 10.7953
51 21 10.9453
51 24 11.2267
51 25 9.11285
51 28 10.4054
51 29 11.1617
51 44 10.6055
51 45 10.0687
51 46 8.77474
51 47 6.31136
51 48 5.35299
51 49 5.56525
51 50 3.79018
51 52 3.80362
51 53 5.36842
51 54 4.86594
51 55 5.77915
51 56 8.36486
51 57 11.3109
51 58 10.9315
51 59 9.07286
51 60 9.50098
51 61 8.83951
51 62 7.03338
51 63 7.77061
51 64 8.58528
51 65 11.736
51 80 11.4704
51 81 11.4992
51 82 8.82737
51 83 10.746
51 84 11.4602
22
52 15 11.1102
52 21 11.0507
52 22 11.9416
52 25 10.2316
52 45 10.6099
52 46 9.91384
52 47 8.63963
52 48 6.21264
52 49 5.08299
52 50 5.38668
52 51 3.80362
52 53 3.80259
52 54 5.45656
52 55 5.0938
52 56 5.94437
52 57 9.53034
52 58 10.0267
52 59 8.38286
52 60 10.2871
52 61 9.95828
52 62 9.5043
52 63 10.6617
27
53 15 10.2324
53 16 11.6599
53 18 10.4836
53 21 8.47611
53 22 8.50452
53 23 11.2924
53 24 10.0074
53 25 7.11877
53 26 10.1633
53 28 10.6236
53 29 10.4496
53 46 10.9281
53 47 10.1186
53 48 8.84758
53 49 6.44269
53 50 5.28389
53 51 5.36842
53 52 3.80259
53 54 3.78366
53 55 5.48582
53 56 5.45416
53 57 8.85886
53 58 10.3482
53 59 10.0522
53 60 11.6323
53 61 10.0214
53 62 9.97708
31
54 21 10.4345
54 22 10.0228
54 23 11.8404
54 24 10.0539
54 25 6.67995
54 26 9.25591
54 27 10.9613
54 28 8.42457
54 29 7.68167
54 30 11.4915
54 31 11.7817
54 47 10.5924
54 48 9.96055
54 49 8.74538
54 50 6.25864
54 51 4.86594
54 52 5.45656
54 53 3.78366
54 55 3.80385
54 56 5.84227
54 57 8.0387
54 58 8.50801
54 59 8.49174
54 60 8.97134
54 61 6.65937
54 62 6.5753
54 63 9.3879
54 64 11.2932
54 82 9.98948
54 83 10.7975
54 84 10.2683
23
55 25 10.4436
55 28 11.9053
55 29 10.6686
55 48 10.3761
55 49 9.87546
55 50 8.56018
55 51 5.77915
55 52 5.0938
55 53 5.48582
55 54 3.80385
55 56 3.80588
55 57 5.68271
55 58 5.35877
55 59 4.82946
55 60 6.34538
55 61 5.35022
55 62 6.51123
55 63 8.9343
55 64 11.6876
55 82 11.6484
55 83 11.7497
55 84 10.4806
55 85 11.7936
14
56 25 11.3421
56 49 10.6798
56 50 10.1704
56 51 8.36486
56 52 5.94437
56 53 5.45416
56 54 5.84227
56 55 3.80588
56 57 3.83758
56 58 5.94316
56 59 6.62602
56 60 9.32017
56 61 8.39654
56 62 10.2263
11
57 51 11.3109
57 52 9.53034
57 53 8.85886
57 54 8.0387
57 55 5.68271
57 56 3.83758
57 58 3.81233
57 59 6.57283
57 60 8.9096
57 61 7.86128
57 62 10.8804
15
58 51 10.9315
58 52 10.0267
58 53 10.3482
58 54 8.50801
58 55 5.35877
58 56 5.94316
58 57 3.81233
58 59 3.80084
58 60 5.49829
58 61 5.4641
58 62 8.77451
58 63 11.2256
58 84 11.132
58 85 11.4048
58 86 11.542
15
59 51 9.07286
59 52 8.38286
59 53 10.0522
59 54 8.49174
59 55 4.82946
59 56 6.62602
59 57 6.57283
59 58 3.80084
59 60 3.82206
59 61 5.8413
59 62 7.76704
59 63 9.06613
59 84 11.014
59 85 10.71
59 86 11.9434
19
60 51 9.50098
60 52 10.2871
60 53 11.6323
60 54 8.97134
60 55 6.34538
60 56 9.32017
60 57 8.9096
60 58 5.49829
60 59 3.82206
60 61 3.83541
60 62 5.32884
60 63 6.43895
60 64 10.2088
60 82 11.3474
60 83 9.81059
60 84 7.65417
60 85 6.89708
60 86 8.41379
60 87 11.3416
26
61 28 11.4759
61 29 9.55014
61 31 11.4304
61 32 9.97865
61 33 11.6877
61 50 11.8615
61 51 8.83951
61 52 9.95828
61 53 10.0214
61 54 6.65937
61 55 5.35022
61 56 8.39654
61 57 7.86128
61 58 5.4641
61 59 5.8413
61 60 3.83541
61 62 3.7937
61 63 6.9604
61 64 10.4492
61 82 9.96218
61 83 8.37037
61 84 5.82655
61 85 7.01832
61 86 8.0113
61 87 10.1044
61 88 11.757
34
62 25 11.3379
62 28 9.84099
62 29 9.17081
62 30 11.9074
62 31 10.1696
62 32 8.62683
62 33 9.1377
62 34 10.2574
62 47 11.7988
62 48 11.7109
62 50 9.99466
62 51 7.03338
62 52 9.5043
62 53 9.97708
62 54 6.5753
62 55 6.51123
62 56 10.2263
62 57 10.8804
62 58 8.77451
62 59 7.76704
62 60 5.32884
62 61 3.7937
62 63 3.7767
62 64 6.80362
62 65 10.5214
62 81 9.91163
62 82 6.3294
62 83 5.36977
62 84 4.59956
62 85 6.32252
62 86 8.84783
62 87 10.0043
62 88 10.5248
62 89 11.0166
29
63 32 10.4275
63 33 9.73527
63 34 10.745
63 47 10.977
63 48 11.0006
63 50 10.8951
63 51 7.77061
63 52 10.6617
63 54 9.3879
63 55 8.9343
63 58 11.2256
63 59 9.06613
63 60 6.43895
63 61 6.9604
63 62 3.7767
63 64 3.81604
63 65 7.32999
63 66 10.2659
63 80 10.4437
63 81 8.37424
63 82 5.85776
63 83 5.43254
63 84 6.24799
63 85 6.33406
63 86 9.88286
63 87 10.9801
63 88 10.1926
63 89 9.39736
63 90 9.74852
31
64 32 11.3758
64 33 9.37105
64 34 9.44502
64 35 9.69059
64 36 10.5255
64 44 11.878
64 47 9.34316
64 48 10.4338
64 50 10.7957
64 51 8.58528
64 54 11.2932
64 55 11.6876
64 60 10.2088
64 61 10.4492
64 62 6.80362
64 63 3.81604
64 65 3.78223
64 66 6.52529
64 67 10.1845
64 79 10.4487
64 80 6.96629
64 81 5.38134
64 82 4.53957
64 83 6.00635
64 84 8.6402
64 85 9.09633
64 88 11.4026
64 89 10.2007
64 90 9.16077
64 93 11.5188
64 108 10.763
33
65 33 10.9092
65 34 10.669
65 35 9.65753
65 36 10.6603
65 44 11.8458
65 47 10.6477
65 51 11.736
65 62 10.5214
65 63 7.32999
65 64 3.78223
65 66 3.83518
65 67 6.93273
65 68 10.1619
65 78 10.2989
65 79 8.43584
65 80 6.01449
65 81 5.24273
65 82 6.88768
65 83 8.51575
65 84 11.6248
65 85 11.6475
65 89 10.8603
65 90 8.49436
65 91 11.2977
65 92 10.0805
65 93 8.35383
65 94 10.5807
65 95 11.6108
65 106 9.76518
65 107 10.1124
65 108 8.32059
65 109 10.9951
65 110 11.3145
35
66 34 11.8193
66 35 9.76252
66 36 9.61213
66 37 10.339
66 38 11.8183
66 39 9.48193
66 40 11.784
66 41 10.824
66 42 11.2655
66 43 11.7386
66 44 9.39322
66 47 9.23971
66 48 11.5399
66 63 10.2659
66 64 6.52529
66 65 3.83518
66 67 3.80989
66 68 6.68791
66 69 9.10481
66 70 11.0812
66 77 10.5098
66 78 6.73554
66 79 5.88258
66 80 4.53315
66 81 6.33661
66 82 8.76757
66 83 11.4406
66 93 9.80349
66 94 10.7267
66 95 10.4662
66 105 11.7994
66 106 8.70417
66 107 10.4804
66 108 10.0723
66 124 11.3104
34
67 35 11.2678
67 36 11.0609
67 37 10.5146
67 38 11.5207
67 39 9.82917
67 40 11.5383
67 41 11.2573
67 42 10.9254
67 44 11.0377
67 64 10.1845
67 65 6.93273
67 66 3.80989
67 68 3.81857
67 69 6.5881
67 70 7.85996
67 71 11.6406
67 76 11.0083
67 77 8.85328
67 78 5.40565
67 79 5.4078
67 80 6.61319
67 81 8.86113
67 93 9.43632
67 94 8.94365
67 95 7.54944
67 96 10.789
67 103 10.1851
67 104 9.76696
67 105 9.18476
67 106 6.60796
67 107 9.33972
67 108 10.2746
67 124 10.3387
67 125 11.7668
24
68 39 10.1253
68 40 10.5012
68 41 10.0069
68 42 8.5428
68 43 10.4511
68 44 10.3343
68 65 10.1619
68 66 6.68791
68 67 3.81857
68 69 3.82438
68 70 6.0454
68 71 9.6859
68 76 8.91289
68 77 8.00046
68 78 5.70809
68 79 7.81786
68 80 9.47962
68 94 11.2643
68 95 9.07502
68 96 11.9981
68 103 10.0859
68 104 10.2318
68 105 11.0167
68 106 9.398
28
69 37 11.1523
69 38 9.88902
69 39 8.36871
69 40 7.77598
69 41 8.22005
69 42 6.89373
69 43 9.97488
69 44 10.3992
69 66 9.10481
69 67 6.5881
69 68 3.82438
69 70 3.82326
69 71 6.88357
69 72 10.0646
69 73 10.5847
69 74 9.76592
69 75 8.7843
69 76 5.15193
69 77 5.03002
69 78 4.6851
69 79 8.1012
69 80 10.4389
69 95 11.4979
69 102 11.1466
69 103 8.67046
69 104 10.1732
69 105 11.6767
69 106 11.1153
33
70 37 11.1498
70 38 10.0951
70 39 9.99796
70 40 9.80467
70 41 11.3536
70 42 10.4588
70 66 11.0812
70 67 7.85996
70 68 6.0454
70 69 3.82326
70 71 3.79996
70 72 7.1789
70 73 8.81163
70 74 9.31689
70 75 8.04996
70 76 4.84482
70 77 5.28663
70 78 5.97787
70 79 8.44807
70 80 11.7712
70 95 10.2846
70 96 11.4196
70 97 10.6624
70 101 9.72344
70 102 7.41499
70 103 5.1794
70 104 6.98247
70 105 9.28074
70 106 9.91632
70 125 11.1444
70 126 10.464
70 127 11.5265
70 128 11.7112
25
71 38 11.2925
71 40 11.1495
71 67 11.6406
71 68 9.6859
71 69 6.88357
71 70 3.79996
71 72 3.82688
71 73 5.59448
71 74 7.0963
71 75 6.02826
71 76 4.67768
71 77 6.86745
71 78 9.0697
71 79 11.4957
71 97 11.7235
71 99 10.8587
71 100 11.7069
71 101 8.59338
71 102 5.36578
71 103 5.41487
71 104 8.07485
71 105 11.1308
71 126 10.9693
71 127 10.8824
71 128 9.87818
15
72 69 10.0646
72 70 7.1789
72 71 3.82688
72 73 3.84083
72 74 7.15759
72 75 7.62472
72 76 7.81252
72 77 10.6018
72 99 9.39511
72 100 11.082
72 101 8.96478
72 102 6.16569
72 103 7.99668
72 104 9.91934
72 128 11.1379
10
73 69 10.5847
73 70 8.81163
73 71 5.59448
73 72 3.84083
73 74 3.82144
73 75 5.62301
73 76 7.29531
73 77 10.8739
73 102 9.17827
73 103 10.7574
11
74 40 11.0842
74 42 11.428
74 69 9.76592
74 70 9.31689
74 71 7.0963
74 72 7.15759
74 73 3.82144
74 75 3.80952
74 76 6.07927
74 77 9.82638
74 102 11.6023
18
75 9 11.0779
75 38 10.3702
75 39 11.0095
75 40 8.58616
75 41 11.2721
75 42 10.9216
75 69 8.7843
75 70 8.04996
75 71 6.02826
75 72 7.62472
75 73 5.62301
75 74 3.80952
75 76 3.80291
75 77 7.0128
75 78 10.5688
75 102 9.91213
75 103 10.2431
75 128 11.5172
26
76 9 10.5311
76 10 11.7309
76 11 11.8825
76 37 11.0176
76 38 8.41244
76 39 8.41245
76 40 6.67556
76 41 9.03807
76 42 8.63814
76 67 11.0083
76 68 8.91289
76 69 5.15193
76 70 4.84482
76 71 4.67768
76 72 7.81252
76 73 7.29531
76 74 6.07927
76 75 3.80291
76 77 3.78995
76 78 6.93403
76 79 10.245
76 102 9.14666
76 103 8.0873
76 104 11.1289
76 126 11.3711
76 128 11.6126
38
77 6 10.9621
77 7 11.2285
77 8 10.7839
77 9 8.66354
77 10 9.10817
77 11 10.0648
77 36 10.3528
77 37 7.36379
77 38 5.21082
77 39 5.16938
77 40 5.13829
77 41 7.76116
77 42 8.60721
77 43 11.944
77 44 11.5266
77 66 10.5098
77 67 8.85328
77 68 8.00046
77 69 5.03002
77 70 5.28663
77 71 6.86745
77 72 10.6018
77 73 10.8739
77 74 9.82638
77 75 7.0128
77 76 3.78995
77 78 3.79982
77 79 6.80199
77 80 9.54607
77 102 9.87575
77 103 7.56069
77 104 10.4276
77 105 11.4455
77 106 11.646
77 125 11.0112
77 126 9.03687
77 127 11.1585
77 128 11.3941
39
78 6 11.1725
78 7 11.6212
78 9 10.6266
78 10 9.69386
78 11 10.6849
78 35 10.4614
78 36 8.60562
78 37 6.72359
78 38 6.43346
78 39 5.02584
78 40 6.67432
78 41 7.76415
78 42 8.57098
78 43 11.0929
78 44 9.87527
78 46 11.8364
78 47 10.5224
78 65 10.2989
78 66 6.73554
78 67 5.40565
78 68 5.70809
78 69 4.6851
78 70 5.97787
78 71 9.0697
78 75 10.5688
78 76 6.93403
78 77 3.79982
78 79 3.80652
78 80 6.25764
78 81 9.86928
78 95 11.3927
78 102 11.652
78 103 8.36504
78 104 10.0107
78 105 10.0905
78 106 9.12449
78 124 10.4225
78 125 10.4561
78 126 9.64581
47
79 4 10.3243
79 5 10.2858
79 6 9.71557
79 7 11.0013
79 10 10.6986
79 34 10.439
79 35 7.01276
79 36 6.20363
79 37 5.21965
79 38 7.12665
79 39 6.61659
79 40 9.59709
79 41 10.6749
79 42 11.9914
79 44 11.9079
79 47 11.1113
79 64 10.4487
79 65 8.43584
79 66 5.88258
79 67 5.4078
79 68 7.81786
79 69 8.1012
79 70 8.44807
79 71 11.4957
79 76 10.245
79 77 6.80199
79 78 3.80652
79 80 3.85328
79 81 6.75128
79 82 10.0728
79 94 11.8839
79 95 10.4065
79 103 8.87996
79 104 9.70977
79 105 8.36745
79 106 6.8508
79 107 9.70535
79 108 10.8056
79 122 11.6428
79 123 10.2121
79 124 7.19134
79 125 8.20058
79 126 8.34366
79 127 11.6955
79 158 11.3187
79 159 9.7692
79 160 11.3807
45
80 3 11.8807
80 4 9.99719
80 5 9.91037
80 6 10.3775
80 7 10.904
80 10 10.4153
80 33 10.4281
80 34 8.11586
80 35 5.71473
80 36 5.0957
80 37 6.50582
80 38 8.81862
80 39 7.21597
80 40 10.6012
80 41 10.6711
80 44 10.5307
80 46 11.3572
80 47 8.51736
80 48 11.7244
80 50 11.3595
80 51 11.4704
80 63 10.4437
80 64 6.96629
80 65 6.01449
80 66 4.53315
80 67 6.61319
80 68 9.47962
80 69 10.4389
80 70 11.7712
80 77 9.54607
80 78 6.25764
80 79 3.85328
80 81 3.82486
80 82 6.49477
80 83 9.90699
80 105 11.4876
80 106 9.07042
80 107 10.8597
80 108 10.573
80 122 11.9233
80 123 11.7168
80 124 9.22852
80 125 11.162
80 126 11.4419
80 159 11.3995
43
81 2 10.4106
81 3 9.85563
81 4 9.0749
81 5 10.1224
81 6 11.8367
81 28 10.8293
81 31 11.1862
81 32 10.2903
81 33 6.95091
81 34 5.64758
81 35 4.54531
81 36 6.28558
81 37 8.87728
81 38 11.9528
81 39 10.8104
81 47 10.6397
81 51 11.4992
81 62 9.91163
81 63 8.37424
81 64 5.38134
81 65 5.24273
81 66 6.33661
81 67 8.86113
81 78 9.86928
81 79 6.75128
81 80 3.82486
81 82 3.82912
81 83 6.48339
81 84 10.2733
81 85 11.8724
81 89 11.7438
81 90 10.2563
81 93 10.7887
81 106 9.5534
81 107 9.934
81 108 8.50172
81 109 11.3571
81 110 11.0896
81 122 9.7034
81 123 10.6865
81 124 9.1531
81 158 11.6594
81 159 11.5364
42
82 1 11.9131
82 2 9.96132
82 3 9.90579
82 4 10.2898
82 5 10.9291
82 25 11.4273
82 27 11.9817
82 28 8.28683
82 29 9.90227
82 30 11.533
82 31 8.8175
82 32 7.88464
82 33 5.65469
82 34 5.13828
82 35 6.4487
82 36 7.70806
82 37 11.1327
82 47 10.0273
82 48 11.9349
82 50 10.0833
82 51 8.82737
82 54 9.98948
82 55 11.6484
82 60 11.3474
82 61 9.96218
82 62 6.3294
82 63 5.85776
82 64 4.53957
82 65 6.88768
82 66 8.76757
82 79 10.0728
82 80 6.49477
82 81 3.82912
82 83 3.81968
82 84 7.17039
82 85 9.40094
82 87 11.768
82 88 10.7735
82 89 11.0741
82 90 10.7783
82 108 11.234
82 110 11.9633
37
83 0 10.7973
83 1 10.2262
83 2 9.15148
83 3 10.5369
83 28 9.64401
83 29 9.91224
83 30 11.115
83 31 7.94145
83 32 5.49018
83 33 4.41223
83 34 6.50038
83 35 8.86526
83 36 11.0496
83 51 10.746
83 54 10.7975
83 55 11.7497
83 60 9.81059
83 61 8.37037
83 62 5.36977
83 63 5.43254
83 64 6.00635
83 65 8.51575
83 66 11.4406
83 80 9.90699
83 81 6.48339
83 82 3.81968
83 84 3.82473
83 85 6.06669
83 86 8.87781
83 87 7.96792
83 88 7.17367
83 89 8.08846
83 90 8.92146
83 108 11.1852
83 110 9.84722
83 111 11.3605
83 112 11.1994
33
84 0 10.2242
84 1 10.5274
84 2 10.8277
84 28 10.686
84 29 9.50521
84 30 10.8663
84 31 8.28467
84 32 5.36192
84 33 6.775
84 34 9.47222
84 51 11.4602
84 54 10.2683
84 55 10.4806
84 58 11.132
84 59 11.014
84 60 7.65417
84 61 5.82655
84 62 4.59956
84 63 6.24799
84 64 8.6402
84 65 11.6248
84 81 10.2733
84 82 7.17039
84 83 3.82473
84 85 3.80764
84 86 5.58318
84 87 5.54784
84 88 6.47936
84 89 8.18535
84 90 10.4155
84 110 11.4468
84 111 11.7375
84 112 10.8198
26
85 31 11.9517
85 32 8.63948
85 33 9.54506
85 55 11.7936
85 58 11.4048
85 59 10.71
85 60 6.89708
85 61 7.01832
85 62 6.32252
85 63 6.33406
85 64 9.09633
85 65 11.6475
85 81 11.8724
85 82 9.40094
85 83 6.06669
85 84 3.80764
85 86 3.81127
85 87 5.36166
85 88 5.41026
85 89 5.83086
85 90 8.60777
85 91 11.8167
85 110 10.6053
85 111 10.2224
85 112 10.0304
85 113 11.064
20
86 0 11.4831
86 32 9.28041
86 33 11.3533
86 58 11.542
86 59 11.9434
86 60 8.41379
86 61 8.0113
86 62 8.84783
86 63 9.88286
86 83 8.87781
86 84 5.58318
86 85 3.81127
86 87 3.84308
86 88 6.06972
86 89 7.78089
86 90 11.3131
86 111 10.9345
86 112 9.64812
86 113 9.39069
86 114 10.099
25
87 0 7.90652
87 1 10.1935
87 2 11.4925
87 31 10.5282
87 32 6.92184
87 33 9.00564
87 60 11.3416
87 61 10.1044
87 62 10.0043
87 63 10.9801
87 82 11.768
87 83 7.96792
87 84 5.54784
87 85 5.36166
87 86 3.84308
87 88 3.81902
87 89 7.14521
87 90 10.5703
87 110 10.1768
87 111 8.7897
87 112 6.62941
87 113 7.01099
87 114 7.13328
87 115 9.75699
87 118 11.2709
33
88 0 9.17531
88 1 11.116
88 2 11.2223
88 31 11.7405
88 32 7.9615
