312
0 ILE 3
1 PRO 4
2 VAL 5
3 ILE 6
4 GLU 7
5 PRO 8
6 LEU 9
7 PHE 10
8 THR 11
9 LYS 12
10 VAL 13
11 THR 14
12 GLU 15
13 ASP 16
14 ILE 17
15 PRO 18
16 GLY 19
17 ALA 20
18 GLN 21
19 GLY 22
20 PRO 23
21 VAL 24
22 PHE 25
23 ASP 26
24 LYS 27
25 ASN 28
26 GLY 29
27 ASP 30
28 PHE 31
29 TYR 32
30 ILE 33
31 VAL 34
32 ALA 35
33 PRO 36
34 GLU 37
35 VAL 38
36 GLU 39
37 VAL 40
38 ASN 41
39 GLY 42
40 LYS 43
41 PRO 44
42 ALA 45
43 GLY 46
44 GLU 47
45 ILE 48
46 LEU 49
47 ARG 50
48 ILE 51
49 ASP 52
50 LEU 53
51 LYS 54
52 THR 55
53 GLY 56
54 LYS 57
55 LYS 58
56 THR 59
57 VAL 60
58 ILE 61
59 CYS 62
60 LYS 63
61 PRO 64
62 GLU 65
63 VAL 66
64 ASN 67
65 GLY 68
66 TYR 69
67 GLY 70
68 GLY 71
69 ILE 72
70 PRO 73
71 ALA 74
72 GLY 75
73 CYS 76
74 GLN 77
75 CYS 78
76 ASP 79
77 ARG 80
78 ASP 81
79 ALA 82
80 ASN 83
81 GLN 84
82 LEU 85
83 PHE 86
84 VAL 87
85 ALA 88
86 ASP 89
87 MET 90
88 ARG 91
89 LEU 92
90 GLY 93
91 LEU 94
92 LEU 95
93 VAL 96
94 VAL 97
95 GLN 98
96 THR 99
97 ASP 100
98 GLY 101
99 THR 102
100 PHE 103
101 GLU 104
102 GLU 105
103 ILE 106
104 ALA 107
105 LYS 108
106 LYS 109
107 ASP 110
108 SER 111
109 GLU 112
110 GLY 113
111 ARG 114
112 ARG 115
113 MET 116
114 GLN 117
115 GLY 118
116 CYS 119
117 ASP 120
118 ASP 121
119 CYS 122
120 ALA 123
121 PHE 124
122 ASP 125
123 TYR 126
124 GLU 127
125 GLY 128
126 ASN 129
127 LEU 130
128 TRP 131
129 ILE 132
130 THR 133
131 ALA 134
132 PRO 135
133 ALA 136
134 GLY 137
135 GLU 138
136 VAL 139
137 ALA 140
138 PRO 141
139 ALA 142
140 ASP 143
141 TYR 144
142 THR 145
143 ARG 146
144 SER 147
145 MET 148
146 GLN 149
147 GLU 150
148 LYS 151
149 PHE 152
150 GLY 153
151 SER 154
152 ILE 155
153 TYR 156
154 CYS 157
155 PHE 158
156 THR 159
157 THR 160
158 ASP 161
159 GLY 162
160 GLN 163
161 MET 164
162 ILE 165
163 GLN 166
164 VAL 167
165 ASP 168
166 THR 169
167 ALA 170
168 PHE 171
169 GLN 172
170 PHE 173
171 PRO 174
172 ASP 175
173 GLY 176
174 ILE 177
175 ALA 178
176 VAL 179
177 ARG 180
178 HIS 181
179 MET 182
180 ASN 183
181 ASP 184
182 GLY 185
183 ARG 186
184 PRO 187
185 TYR 188
186 GLN 189
187 LEU 190
188 ILE 191
189 VAL 192
190 ALA 193
191 GLU 194
192 THR 195
193 PRO 196
194 THR 197
195 LYS 198
196 LYS 199
197 LEU 200
198 TRP 201
199 SER 202
200 TYR 203
201 ASP 204
202 ILE 205
203 LYS 206
204 GLY 207
205 PRO 208
206 ALA 209
207 LYS 210
208 ILE 211
209 GLU 212
210 ASN 213
211 LYS 214
212 LYS 215
213 VAL 216
214 TRP 217
215 GLY 218
216 HIS 219
217 ILE 220
218 PRO 221
219 GLY 222
220 THR 223
221 HIS 224
222 GLU 225
223 GLY 226
224 GLY 227
225 ALA 228
226 ASN 229
227 GLY 230
228 MET 231
229 ASP 232
230 PHE 233
231 ASP 234
232 GLU 235
233 ASP 236
234 ASN 237
235 ASN 238
236 LEU 239
237 LEU 240
238 VAL 241
239 ALA 242
240 ASN 243
241 TRP 244
242 GLY 245
243 SER 246
244 SER 247
245 HIS 248
246 ILE 249
247 GLU 250
248 VAL 251
249 PHE 252
250 GLY 253
251 PRO 254
252 ASP 255
253 GLY 256
254 GLY 257
255 GLN 258
256 PRO 259
257 LYS 260
258 MET 261
259 ARG 262
260 ILE 263
261 ARG 264
262 CYS 265
263 PRO 266
264 PHE 267
265 GLU 268
266 LYS 269
267 PRO 270
268 SER 271
269 ASN 272
270 LEU 273
271 HIS 274
272 PHE 275
273 LYS 276
274 PRO 277
275 GLN 278
276 THR 279
277 LYS 280
278 THR 281
279 ILE 282
280 PHE 283
281 VAL 284
282 THR 285
283 GLU 286
284 HIS 287
285 GLU 288
286 ASN 289
287 ASN 290
288 ALA 291
289 VAL 292
290 TRP 293
291 LYS 294
292 PHE 295
293 GLU 296
294 TRP 297
295 GLN 298
296 ARG 299
297 ASN 300
298 GLY 301
299 LYS 302
300 LYS 303
301 GLN 304
302 TYR 305
303 CYS 306
304 GLU 307
305 THR 308
306 LEU 309
307 LYS 310
308 PHE 311
309 GLY 312
310 ILE 313
311 PHE 314
15
0 1 3.82289
0 2 6.39855
0 3 9.99404
0 218 10.3154
0 245 11.9515
0 247 9.95356
0 248 10.0541
0 249 10.9783
0 255 8.83923
0 256 7.16676
0 257 6.24509
0 258 5.64027
0 259 6.95482
0 260 10.3474
0 261 11.8964
15
1 0 3.82289
1 2 3.8012
1 3 6.83408
1 4 10.2956
1 245 11.8781
1 247 10.4992
1 248 10.1153
1 249 11.9001
1 255 11.7565
1 256 9.15293
1 257 7.1852
1 258 5.03349
1 259 6.34857
1 260 8.77203
1 261 10.4794
17
2 0 6.39855
2 1 3.8012
2 3 3.79689
2 4 6.75885
2 5 9.75108
2 244 11.6013
2 245 9.05542
2 246 9.84725
2 247 9.3054
2 248 9.75629
2 256 10.2031
2 257 9.12164
2 258 5.67923
2 259 4.62648
2 260 5.65879
2 261 6.82684
2 262 10.5662
22
3 0 9.99404
3 1 6.83408
3 2 3.79689
3 4 3.7964
3 5 6.16246
3 6 9.76021
3 7 11.747
3 245 9.81555
3 246 10.1616
3 247 10.6143
3 248 10.6677
3 257 11.3333
3 258 7.64752
3 259 6.42825
3 260 5.13201
3 261 6.36848
3 262 9.45458
3 263 11.9618
3 292 11.4948
3 293 11.1347
3 294 9.96455
3 295 10.5404
19
4 1 10.2956
4 2 6.75885
4 3 3.7964
4 5 3.82414
4 6 6.62506
4 7 8.6545
4 244 11.0957
4 245 9.63763
4 246 10.6017
4 258 10.9274
4 259 8.71571
4 260 5.93926
4 261 5.22836
4 262 7.20762
4 263 8.89464
4 264 11.9839
4 292 9.68646
4 293 10.3187
4 294 10.4458
21
5 2 9.75108
5 3 6.16246
5 4 3.82414
5 6 3.78831
5 7 6.34338
5 8 9.64649
5 245 11.5412
5 246 11.5476
5 259 10.8246
5 260 7.52744
5 261 7.69915
5 262 8.26553
5 263 9.81606
5 278 11.1464
5 279 11.0578
5 290 11.7271
5 291 9.80283
5 292 6.50677
5 293 6.88731
5 294 7.97573
5 295 9.97811
17
6 3 9.76021
6 4 6.62506
6 5 3.78831
6 7 3.80132
6 8 6.43286
6 9 9.89496
6 260 10.4385
6 261 9.70053
6 262 8.82386
6 263 9.06465
6 278 11.1562
6 279 11.3357
6 290 9.82528
6 291 8.33811
6 292 5.91271
6 293 7.53789
6 294 10.0418
24
7 3 11.747
7 4 8.6545
7 5 6.34338
7 6 3.80132
7 8 3.7999
7 9 6.61283
7 10 9.27593
7 260 10.6865
7 261 9.70046
7 262 7.44683
7 263 7.46948
7 264 10.1951
7 278 10.2736
7 279 9.60227
7 280 9.28991
7 281 9.08934
7 282 11.5089
7 288 11.8648
7 289 9.76306
7 290 6.1117
7 291 5.4862
7 292 4.78023
7 293 8.05175
7 294 10.6471
22
8 5 9.64649
8 6 6.43286
8 7 3.7999
8 9 3.80471
8 10 6.41165
8 11 9.59899
8 12 11.7193
8 50 11.6806
8 53 11.4786
8 262 10.7567
8 263 10.0903
8 278 10.547
8 279 10.4575
8 280 9.33217
8 281 9.92056
8 282 11.8597
8 288 11.0022
8 289 8.80292
8 290 5.41756
8 291 5.28364
8 292 6.34015
8 293 9.51907
26
9 6 9.89496
9 7 6.61283
9 8 3.80471
9 10 3.80517
9 11 6.08272
9 12 7.97463
9 13 11.6638
9 50 10.3752
9 51 11.8328
9 52 10.8783
9 53 8.7252
9 262 11.8292
9 263 10.6164
9 264 11.8181
9 279 11.8842
9 280 9.54491
9 281 9.56959
9 282 10.302
9 283 11.2338
9 286 10.9017
9 287 11.4616
9 288 7.92086
9 289 6.37955
9 290 4.46059
9 291 6.57804
9 292 9.13131
32
10 7 9.27593
10 8 6.41165
10 9 3.80517
10 11 3.81036
10 12 7.16732
10 13 10.8288
10 14 11.2818
10 17 11.9668
10 20 11.6261
10 28 10.7263
10 29 11.6193
10 30 11.4012
10 48 8.61078
10 49 9.19027
10 50 6.97684
10 51 9.10899
10 52 8.39443
10 53 5.74313
10 54 9.18658
10 55 10.4388
10 278 11.9326
10 279 11.1849
10 280 8.25222
10 281 9.10192
10 282 9.53837
10 283 11.5046
10 287 11.3826
10 288 7.62882
10 289 5.29436
10 290 4.87202
10 291 6.66355
10 292 10.1123
33
11 8 9.59899
11 9 6.08272
11 10 3.81036
11 12 3.8099
11 13 7.27973
11 14 8.04347
11 15 11.6972
11 17 10.0313
11 20 11.7794
11 28 11.2389
11 29 11.041
11 30 10.2217
11 46 11.1486
11 47 10.7097
11 48 7.59652
11 49 9.04882
11 50 8.40314
11 51 10.4369
11 52 8.5443
11 53 4.94532
11 54 7.14611
11 55 7.77876
11 56 11.3968
11 280 10.5507
11 281 10.5131
11 282 9.48405
11 283 10.936
11 286 10.3067
11 287 9.09078
11 288 5.78313
11 289 5.25543
11 290 7.08653
11 291 9.88511
28
12 8 11.7193
12 9 7.97463
12 10 7.16732
12 11 3.8099
12 13 3.80316
12 14 5.79409
12 15 9.03752
12 16 10.8668
12 17 8.89025
12 18 11.8614
12 30 11.2805
12 32 11.0087
12 46 11.9426
12 48 10.2318
12 52 11.5149
12 53 8.02909
12 54 9.02883
12 55 8.92913
12 281 11.8042
12 282 9.74944
12 283 9.94359
12 284 10.6094
12 285 10.9542
12 286 7.47981
12 287 6.40054
12 288 4.26412
12 289 6.3398
12 290 8.90286
27
13 9 11.6638
13 10 10.8288
13 11 7.27973
13 12 3.80316
13 14 3.80517
13 15 6.20727
13 16 9.01692
13 17 8.26905
13 18 11.8699
13 30 11.7882
13 31 11.507
13 32 9.23092
13 34 11.1258
13 35 10.4108
13 46 11.7292
13 48 11.9694
13 53 10.8989
13 54 10.7248
13 55 9.59653
13 282 11.104
13 283 10.6234
13 284 9.97657
13 285 10.5635
13 286 7.35096
13 287 5.54261
13 288 5.85741
13 289 8.93685
38
14 10 11.2818
14 11 8.04347
14 12 5.79409
14 13 3.80517
14 15 3.83918
14 16 6.18272
14 17 5.07837
14 18 8.60288
14 19 11.3777
14 20 11.6282
14 29 11.4682
14 30 8.62685
14 31 7.79696
14 32 5.50743
14 33 8.70322
14 34 8.3842
14 35 8.13375
14 36 11.7664
14 43 10.2048
14 44 9.16853
14 45 10.0373
14 46 9.08529
14 47 11.3961
14 48 10.7723
14 53 11.6657
14 54 11.387
14 55 9.18039
14 56 11.0544
14 57 10.6097
14 282 9.18079
14 283 9.29385
14 284 8.7773
14 285 10.7108
14 286 8.46045
14 287 5.07875
14 288 5.80408
14 289 8.21763
14 290 11.9272
33
15 11 11.6972
15 12 9.03752
15 13 6.20727
15 14 3.83918
15 16 3.79994
15 17 5.42233
15 18 8.90202
15 19 11.9796
15 30 10.6199
15 31 8.50509
15 32 5.06598
15 33 6.62343
15 34 5.03568
15 35 5.67531
15 36 9.0581
15 41 11.6285
15 42 10.7711
15 43 8.64088
15 44 9.12928
15 45 11.0543
15 46 11.3449
15 69 10.8579
15 70 11.2705
15 71 11.1584
15 268 11.8392
15 282 10.5232
15 283 9.63926
15 284 7.71707
15 285 9.93613
15 286 8.76837
15 287 5.44706
15 288 8.10328
15 289 10.9063
34
16 12 10.8668
16 13 9.01692
16 14 6.18272
16 15 3.79994
16 17 3.80279
16 18 6.34479
16 19 9.68545
16 20 11.68
16 30 10.0309
16 31 7.80398
16 32 5.30389
16 33 5.53102
16 34 5.08799
16 35 7.73604
16 36 10.8862
16 43 9.25554
16 44 10.1246
16 45 11.4669
16 69 9.77816
16 70 9.9365
16 71 8.68296
16 72 11.2475
16 266 10.3389
16 267 10.53
16 268 8.49207
16 269 10.6611
16 282 8.6144
16 283 7.52884
16 284 5.59623
16 285 8.86139
16 286 9.01806
16 287 5.7094
16 288 8.3938
16 289 10.5333
43
17 10 11.9668
17 11 10.0313
17 12 8.89025
17 13 8.26905
17 14 5.07837
17 15 5.42233
17 16 3.80279
17 18 3.79223
17 19 7.23293
17 20 8.30778
17 21 11.8633
17 29 10.4747
17 30 6.82733
17 31 5.84675
17 32 4.95491
17 33 6.99162
17 34 8.03258
17 35 9.7573
17 43 10.3442
17 44 9.81928
17 45 9.91864
17 46 10.0488
17 69 11.2277
17 70 10.0264
17 71 8.52264
17 72 9.92317
17 227 11.693
17 266 10.4608
17 267 9.40704
17 268 7.51462
17 269 8.55032
17 270 10.5647
17 280 11.6003
17 281 9.27791
17 282 5.57648
17 283 6.05616
17 284 6.26103
17 285 9.53552
17 286 8.91664
17 287 5.31605
17 288 6.13552
17 289 7.25824
17 290 10.7885
53
18 12 11.8614
18 13 11.8699
18 14 8.60288
18 15 8.90202
18 16 6.34479
18 17 3.79223
18 19 3.7993
18 20 5.67432
18 21 9.21916
18 29 9.44264
18 30 5.91327
18 31 5.4686
18 32 6.69896
18 33 7.77685
18 34 10.0685
18 43 11.4245
18 44 10.7696
18 45 9.9185
18 46 10.5981
18 69 11.0825
18 70 9.00025
18 71 6.47599
18 72 6.72714
18 73 8.90626
18 84 11.4489
18 85 11.2719
18 86 11.7493
18 117 9.93315
18 118 9.59319
18 172 11.6346
18 173 11.1047
18 226 9.78352
18 227 8.41281
18 228 11.3381
18 239 10.8482
18 241 11.6251
18 266 10.8439
18 267 8.76924
18 268 5.90404
18 269 5.60861
18 270 7.80915
18 271 9.94376
18 280 10.1637
18 281 8.06296
18 282 5.08899
18 283 6.88695
18 284 8.17744
18 285 11.7391
18 286 11.8331
18 287 8.66622
18 288 8.74039
18 289 8.3132
18 290 11.1997
56
19 14 11.3777
19 15 11.9796
19 16 9.68545
19 17 7.23293
19 18 3.7993
19 20 3.84202
19 21 6.34645
19 22 10.1134
19 28 10.4954
19 29 7.85495
19 30 5.2341
19 31 5.49986
19 32 8.4177
19 33 9.20392
19 44 10.9844
19 45 9.10375
19 46 10.1954
19 47 11.5844
19 69 11.2825
19 70 8.19743
19 71 5.74659
19 72 3.95158
19 73 5.19816
19 74 8.30595
19 75 11.021
19 82 10.9041
19 83 10.6646
19 84 8.43166
19 85 8.85154
19 86 10.3697
19 116 11.8121
19 117 8.77243
19 118 7.32179
19 119 9.3269
19 120 11.1543
19 172 11.1475
19 173 10.0698
19 174 11.7351
19 226 10.4939
19 227 8.05263
19 228 10.2844
19 229 11.6316
19 239 11.9186
19 267 11.3731
19 268 8.30021
19 269 6.30412
19 270 7.53045
19 271 8.36899
19 272 11.9206
19 280 10.2865
19 281 9.32994
19 282 7.63159
19 283 10.2687
19 284 11.9204
19 288 11.8513
19 289 10.535
49
20 10 11.6261
20 11 11.7794
20 14 11.6282
20 16 11.68
20 17 8.30778
20 18 5.67432
20 19 3.84202
20 21 3.78899
20 22 7.20793
20 23 10.2615
20 27 10.7725
20 28 7.31673
20 29 5.74457
20 30 4.42614
20 31 7.07585
20 32 10.1709
20 45 10.0037
20 46 9.69935
20 47 9.84855
20 48 9.99521
20 70 11.3464
20 71 9.47327
20 72 7.40526
20 73 6.86418
20 74 8.69744
20 75 10.4319
20 82 11.1975
20 84 10.772
20 118 10.4897
20 119 11.609
20 227 9.57933
20 228 10.7674
20 229 11.1185
20 267 11.6969
20 268 9.64476
20 269 6.93733
20 270 6.15552
20 271 5.88605
20 272 8.94851
20 273 9.92786
20 279 9.82938
20 280 7.13347
20 281 7.39212
20 282 6.8841
20 283 10.4448
20 288 11.0059
20 289 8.62813
20 290 10.4873
20 291 10.9973
48
21 17 11.8633
21 18 9.21916
21 19 6.34645
21 20 3.78899
21 22 3.80821
21 23 6.64486
21 24 10.1057
21 25 11.4716
21 26 9.29184
21 27 8.36683
21 28 5.8526
21 29 5.34209
21 30 6.36666
21 31 9.22499
21 45 10.7534
21 46 10.3874
21 47 9.6067
21 48 10.3386
21 71 11.418
21 72 8.56546
21 73 6.21256
21 74 6.43984
21 75 7.14114
21 76 10.9225
21 81 11.245
21 82 8.76435
21 83 10.2979
21 84 10.2197
21 118 11.3524
21 119 11.2536
21 120 11.1883
21 227 11.6989
21 228 11.9735
21 229 11.212
21 269 9.91957
21 270 8.32917
21 271 6.17274
21 272 8.12414
21 273 8.32705
21 274 10.0469
21 279 10.5207
21 280 8.71535
21 281 10.2375
21 282 10.5198
21 289 11.6826
21 301 9.9299
21 302 11.8928
21 303 10.5612
40
22 19 10.1134
22 20 7.20793
22 21 3.80821
22 23 3.791
22 24 6.84147
22 25 7.82412
22 26 5.56016
22 27 5.46152
22 28 4.61921
22 29 6.31067
22 30 8.95126
22 46 11.6053
22 47 9.61142
22 48 10.1609
22 49 11.5359
22 50 11.1891
22 73 9.19271
22 74 8.17829
22 75 6.9954
22 76 10.3219
22 77 11.6457
22 80 10.1741
22 81 10.5146
22 82 9.29494
22 83 11.7831
22 96 11.5658
22 270 11.0408
22 271 8.01101
22 272 8.20805
22 273 6.80037
22 274 7.64423
22 275 11.3835
22 278 11.9648
22 279 11.1684
22 280 9.97013
22 300 11.3245
22 301 9.44389
22 302 11.2472
22 303 8.95529
22 304 9.87415
34
23 20 10.2615
23 21 6.64486
23 22 3.791
23 24 3.80873
23 25 5.52696
23 26 5.37648
23 27 5.51327
23 28 6.68002
23 29 7.97646
23 30 11.0983
23 47 10.2772
23 48 11.7697
23 73 10.0796
23 74 8.33387
23 75 5.53857
23 76 7.95236
23 77 9.00843
23 78 11.456
23 79 9.78216
23 80 6.48897
23 81 7.52759
23 82 7.56781
23 83 10.7
23 94 11.4474
23 95 10.5992
23 96 9.12081
23 271 11.4882
23 272 11.4926
23 273 9.79671
23 274 9.34966
23 301 9.99603
23 302 10.5343
23 303 7.33806
23 304 8.90198
28
24 21 10.1057
24 22 6.84147
24 23 3.80873
24 25 3.80807
24 26 5.51181
24 27 7.3821
24 28 9.7472
24 29 11.6402
24 74 10.8506
24 75 7.44959
24 76 8.26807
24 77 7.63818
24 78 9.61732
24 79 8.53002
24 80 5.94044
24 81 8.67181
24 82 9.99758
24 96 10.7943
24 273 10.9974
24 274 9.22912
24 275 11.9954
24 300 11.7861
24 301 10.209
24 302 10.1192
24 303 6.38756
24 304 7.05911
24 305 10.0894
24 306 11.1914
19
25 21 11.4716
25 22 7.82412
25 23 5.52696
25 24 3.80807
25 26 3.78058
25 27 5.55202
25 28 8.9889
25 29 11.6023
25 75 10.5834
25 76 11.7835
25 77 11.3025
25 79 11.0914
25 80 8.08391
25 81 10.8053
25 96 10.6786
25 273 11.2809
25 274 9.99443
25 303 10.122
25 304 10.0996
21
26 21 9.29184
26 22 5.56016
26 23 5.37648
26 24 5.51181
26 25 3.78058
26 27 3.79687
26 28 6.47713
26 29 9.77978
26 47 11.1364
26 48 11.0689
26 49 10.5561
26 50 10.0949
26 75 10.6947
26 80 10.5231
26 272 10.9952
26 273 7.81765
26 274 7.35663
26 275 10.0101
26 276 11.4655
26 303 10.5927
26 304 10.1621
23
27 20 10.7725
27 21 8.36683
27 22 5.46152
27 23 5.51327
27 24 7.3821
27 25 5.55202
27 26 3.79687
27 28 3.81021
27 29 6.85531
27 30 10.5363
27 46 10.7486
27 47 7.4111
27 48 7.67106
27 49 7.60155
27 50 8.22598
27 51 10.8144
27 75 10.7362
27 80 10.523
27 81 11.5446
27 82 11.5639
27 96 9.77902
27 273 9.53809
27 274 10.2979
39
28 10 10.7263
28 11 11.2389
28 19 10.4954
28 20 7.31673
28 21 5.8526
28 22 4.61921
28 23 6.68002
28 24 9.7472
28 25 8.9889
28 26 6.47713
28 27 3.81021
28 29 3.79873
28 30 7.07452
28 31 10.6557
28 45 10.7824
28 46 8.49483
28 47 5.7972
28 48 5.58653
28 49 7.10762
28 50 7.35346
28 51 10.8196
28 53 10.4815
28 54 11.3467
28 55 10.2165
28 56 10.9236
28 58 11.8491
28 73 11.1048
28 74 11.4601
28 75 10.5723
28 82 11.1886
28 96 10.8954
28 271 10.0095
28 272 10.5653
28 273 8.67093
28 274 10.6501
28 279 11.967
28 280 9.61837
28 281 11.9828
28 289 11.1511
53
29 10 11.6193
29 11 11.041
29 14 11.4682
29 17 10.4747
29 18 9.44264
29 19 7.85495
29 20 5.74457
29 21 5.34209
29 22 6.31067
29 23 7.97646
29 24 11.6402
29 25 11.6023
29 26 9.77978
29 27 6.85531
29 28 3.79873
29 30 3.78031
29 31 7.00503
29 32 10.1752
29 44 10.5225
29 45 7.12695
29 46 5.43147
29 47 4.35252
29 48 5.75113
29 49 8.8108
29 50 9.88669
29 53 11.3511
29 54 11.499
29 55 9.21629
29 56 9.40474
29 57 9.58597
29 58 9.42547
29 59 10.9337
29 70 11.7598
29 71 11.7415
29 72 10.3723
29 73 8.71655
29 74 10.1631
29 75 10.091
29 81 11.4865
29 82 9.47376
29 83 11.8445
29 84 11.0577
29 94 11.4086
29 95 11.8625
29 96 9.94005
29 98 11.9023
29 270 11.6439
29 271 10.4582
29 273 11.3468
29 280 10.5486
29 281 11.7856
29 282 10.936
29 289 10.5685
53
30 10 11.4012
30 11 10.2217
30 12 11.2805
30 13 11.7882
30 14 8.62685
30 15 10.6199
30 16 10.0309
30 17 6.82733
30 18 5.91327
30 19 5.2341
30 20 4.42614
30 21 6.36666
30 22 8.95126
30 23 11.0983
30 27 10.5363
30 28 7.07452
30 29 3.78031
30 31 3.78285
30 32 6.8769
30 33 9.5749
30 43 11.1328
30 44 8.6057
30 45 6.07272
30 46 5.45935
30 47 6.62033
30 48 7.51144
30 49 11.1348
30 50 11.908
30 55 9.68692
30 56 10.3081
30 57 9.70675
30 58 10.4561
30 59 10.9962
30 70 9.28625
30 71 8.78956
30 72 8.18908
30 73 7.98559
30 74 10.6163
30 75 11.7976
30 82 10.8724
30 84 10.2809
30 268 11.4954
30 269 9.99763
30 270 10.1425
30 271 10.2194
30 280 10.1367
30 281 10.0973
30 282 8.23206
30 283 11.1861
30 287 11.2692
30 288 10.0325
30 289 8.73545
30 290 11.6994
54
31 13 11.507
31 14 7.79696
31 15 8.50509
31 16 7.80398
31 17 5.84675
31 18 5.4686
31 19 5.49986
31 20 7.07585
31 21 9.22499
31 28 10.6557
31 29 7.00503
31 30 3.78285
31 32 3.80265
31 33 5.92856
31 34 8.96387
31 35 9.6133
31 42 11.2697
31 43 7.54564
31 44 5.71394
31 45 4.4883
31 46 5.96973
31 47 8.79096
31 48 10.3411
31 55 11.0728
31 56 11.077
31 57 9.24803
31 58 10.2293
31 59 9.54024
31 60 9.78395
31 61 11.2422
31 68 10.8236
31 69 8.60576
31 70 5.95974
31 71 6.09803
31 72 7.07899
31 73 8.17695
31 74 11.6128
31 82 11.4544
31 83 11.8933
31 84 9.03925
31 85 10.0633
31 86 9.79075
31 87 11.7817
31 94 11.891
31 117 11.0177
31 118 11.1195
31 268 11.3103
31 269 10.727
31 282 9.47759
31 283 11.4403
31 284 11.9647
31 287 10.7636
31 288 10.8307
31 289 10.7445
46
32 12 11.0087
32 13 9.23092
32 14 5.50743
32 15 5.06598
32 16 5.30389
32 17 4.95491
32 18 6.69896
32 19 8.4177
32 20 10.1709
32 29 10.1752
32 30 6.8769
32 31 3.80265
32 33 3.81617
32 34 5.60381
32 35 6.07414
32 36 9.69657
32 41 10.5639
32 42 9.00178
32 43 5.60406
32 44 5.02661
32 45 6.3132
32 46 7.57986
32 47 10.9193
32 55 11.2886
32 56 11.5431
32 57 9.48298
32 58 11.5072
32 59 10.521
32 60 9.49405
32 61 11.427
32 68 10.1673
32 69 7.71106
32 70 6.84269
32 71 7.38025
32 72 9.75328
32 73 11.6594
32 84 11.9155
32 86 10.8072
32 87 11.7924
32 268 11.6686
32 282 10.2123
32 283 10.9704
32 284 10.3479
32 287 8.75838
32 288 9.9348
32 289 11.1781
41
33 14 8.70322
33 15 6.62343
33 16 5.53102
33 17 6.99162
33 18 7.77685
33 19 9.20392
33 30 9.5749
33 31 5.92856
33 32 3.81617
33 34 3.79352
33 35 5.85223
33 36 8.54491
33 40 11.348
33 41 7.99845
33 42 7.69171
33 43 4.45177
33 44 6.24596
33 45 8.23257
33 46 10.6608
33 59 11.7014
33 60 9.85919
33 61 10.6441
33 67 10.1322
33 68 7.66303
33 69 4.46022
33 70 5.04663
33 71 5.64437
33 72 9.10643
33 73 11.8353
33 84 11.2329
33 85 10.4329
33 86 8.26108
33 87 8.37558
33 88 9.92629
33 89 11.7245
33 116 11.6078
33 117 9.85081
33 118 11.8947
33 268 11.7953
33 284 10.994
33 287 10.7496
30
34 13 11.1258
34 14 8.3842
34 15 5.03568
34 16 5.08799
34 17 8.03258
34 18 10.0685
34 31 8.96387
34 32 5.60381
34 33 3.79352
34 35 3.80377
34 36 6.12637
34 37 9.9112
34 39 10.0783
34 40 9.48954
34 41 7.13415
34 42 7.47579
34 43 5.76664
34 44 8.25011
34 45 11.0338
34 60 11.5484
34 67 10.8359
34 68 9.49777
34 69 6.79409
34 70 8.66188
34 71 9.15796
34 86 11.4546
34 87 10.6431
34 88 11.6659
34 284 10.2954
34 287 9.86087
29
35 13 10.4108
35 14 8.13375
35 15 5.67531
35 16 7.73604
35 17 9.7573
35 31 9.6133
35 32 6.07414
35 33 5.85223
35 34 3.80377
35 36 3.79718
35 37 7.12702
35 38 10.1596
35 39 9.12438
35 40 8.60245
35 41 6.62419
35 42 5.37792
35 43 4.80698
35 44 6.81701
35 45 10.2475
35 46 11.7155
35 57 11.3548
35 60 9.45242
35 61 11.4821
35 67 9.87321
35 68 9.53643
35 69 8.14223
35 70 9.83663
35 71 11.4419
35 287 11.121
22
36 14 11.7664
36 15 9.0581
36 16 10.8862
36 32 9.69657
36 33 8.54491
36 34 6.12637
36 35 3.79718
36 37 3.79275
36 38 6.47771
36 39 5.61212
36 40 5.25612
36 41 4.79217
36 42 4.65069
36 43 6.56437
36 44 9.36172
36 60 10.5164
36 61 11.9767
36 66 11.5407
36 67 8.66328
36 68 9.65087
36 69 9.24002
36 70 11.9184
15
37 34 9.9112
37 35 7.12702
37 36 3.79275
37 38 3.80082
37 39 5.36118
37 40 5.29673
37 41 6.56326
37 42 5.98172
37 43 9.15236
37 44 11.4993
37 60 11.3077
37 65 11.9734
37 66 11.3359
37 67 9.1627
37 68 11.3839
8
38 35 10.1596
38 36 6.47771
38 37 3.80082
38 39 3.79017
38 40 5.49017
38 41 8.52293
38 42 9.2572
38 67 11.427
10
39 34 10.0783
39 35 9.12438
39 36 5.61212
39 37 5.36118
39 38 3.79017
39 40 3.79802
39 41 6.90546
39 42 8.9477
39 43 11.5068
39 67 10.9408
19
40 33 11.348
40 34 9.48954
40 35 8.60245
40 36 5.25612
40 37 5.29673
40 38 5.49017
40 39 3.79802
40 41 3.83275
40 42 6.44904
40 43 9.31189
40 62 11.1944
40 65 10.3985
40 66 8.53994
40 67 7.30034
40 68 9.39412
40 69 10.0092
40 88 11.2056
40 140 11.8133
40 141 10.8388
30
41 15 11.6285
41 32 10.5639
41 33 7.99845
41 34 7.13415
41 35 6.62419
41 36 4.79217
41 37 6.56326
41 38 8.52293
41 39 6.90546
41 40 3.83275
41 42 3.79509
41 43 5.83371
41 44 9.47757
41 60 9.81756
41 61 9.6435
41 62 8.86689
41 63 11.3845
41 65 10.036
41 66 7.43529
41 67 4.87466
41 68 5.87695
41 69 6.2766
41 70 9.73059
41 86 10.995
41 87 9.94745
41 88 8.40638
41 89 10.7698
41 137 10.8192
41 140 11.9289
41 141 10.1628
31
42 15 10.7711
42 31 11.2697
42 32 9.00178
42 33 7.69171
42 34 7.47579
42 35 5.37792
42 36 4.65069
42 37 5.98172
42 38 9.2572
42 39 8.9477
42 40 6.44904
42 41 3.79509
42 43 3.79259
42 44 6.57705
42 45 10.2131
42 57 11.5686
42 59 10.1065
42 60 6.44099
42 61 7.35516
42 62 7.55887
42 63 10.9637
42 65 10.0139
42 66 8.33896
42 67 4.81616
42 68 5.83263
42 69 6.79558
42 70 9.05593
42 86 11.3246
42 87 11.5214
42 88 10.2117
42 89 11.5075
39
43 14 10.2048
43 15 8.64088
43 16 9.25554
43 17 10.3442
43 18 11.4245
43 30 11.1328
43 31 7.54564
43 32 5.60406
43 33 4.45177
43 34 5.76664
43 35 4.80698
43 36 6.56437
43 37 9.15236
43 39 11.5068
43 40 9.31189
43 41 5.83371
43 42 3.79259
43 44 3.78204
43 45 7.17482
43 46 9.95471
43 57 9.97661
43 58 11.2657
43 59 8.71447
43 60 5.94047
43 61 7.10029
43 62 8.80381
43 66 10.5139
43 67 6.78248
43 68 5.37914
43 69 4.64922
43 70 5.82812
43 71 8.60851
43 72 11.7173
43 84 11.7982
43 85 11.7782
43 86 8.98573
43 87 9.758
43 88 9.6453
43 89 10.7716
39
44 14 9.16853
44 15 9.12928
44 16 10.1246
44 17 9.81928
44 18 10.7696
44 19 10.9844
44 29 10.5225
44 30 8.6057
44 31 5.71394
44 32 5.02661
44 33 6.24596
44 34 8.25011
44 35 6.81701
44 36 9.36172
44 37 11.4993
44 41 9.47757
44 42 6.57705
44 43 3.78204
44 45 3.7811
44 46 6.30807
44 47 10.0409
44 55 11.1929
44 56 9.76663
44 57 6.46185
44 58 7.72832
44 59 5.85962
44 60 4.51456
44 61 6.99589
44 62 9.95502
44 67 9.37956
44 68 7.81835
44 69 7.37611
44 70 6.4196
44 71 9.14798
44 72 11.2692
44 84 10.9019
44 86 10.2117
44 94 11.3999
44 98 10.4807
50
45 14 10.0373
45 15 11.0543
45 16 11.4669
45 17 9.91864
45 18 9.9185
45 19 9.10375
45 20 10.0037
45 21 10.7534
45 28 10.7824
45 29 7.12695
45 30 6.07272
45 31 4.4883
45 32 6.3132
45 33 8.23257
45 34 11.0338
45 35 10.2475
45 42 10.2131
45 43 7.17482
45 44 3.7811
45 46 3.79199
45 47 7.08691
45 48 9.96889
45 55 10.0621
45 56 8.5631
45 57 5.88561
45 58 5.97207
45 59 5.14352
45 60 6.33847
45 61 8.27213
45 62 11.8746
45 68 10.0152
45 69 9.40865
45 70 6.83042
45 71 8.94765
45 72 9.74489
45 73 9.60735
45 82 10.0803
45 83 11.2632
45 84 8.9708
45 85 11.0904
45 86 10.4788
45 92 11.181
45 93 11.5198
45 94 8.94161
45 95 10.7069
45 96 10.2066
45 97 11.4342
45 98 8.61505
45 99 10.9566
45 100 10.7775
44
46 11 11.1486
46 12 11.9426
46 13 11.7292
46 14 9.08529
46 15 11.3449
46 17 10.0488
46 18 10.5981
46 19 10.1954
46 20 9.69935
46 21 10.3874
46 22 11.6053
46 27 10.7486
46 28 8.49483
46 29 5.43147
46 30 5.45935
46 31 5.96973
46 32 7.57986
46 33 10.6608
46 35 11.7155
46 43 9.95471
46 44 6.30807
46 45 3.79199
46 47 3.76519
46 48 6.37535
46 49 9.78013
46 53 11.472
46 54 10.017
46 55 6.4865
46 56 5.41766
46 57 4.35617
46 58 5.47858
46 59 6.99082
46 60 8.83463
46 61 11.5295
46 70 10.3154
46 71 11.7185
46 73 11.431
46 82 11.5852
46 84 11.9217
46 94 11.1136
46 95 11.7661
46 96 9.98696
46 97 11.2811
46 98 9.38041
34
47 11 10.7097
47 14 11.3961
47 19 11.5844
47 20 9.84855
47 21 9.6067
47 22 9.61142
47 23 10.2772
47 26 11.1364
47 27 7.4111
47 28 5.7972
47 29 4.35252
47 30 6.62033
47 31 8.79096
47 32 10.9193
47 44 10.0409
47 45 7.08691
47 46 3.76519
47 48 3.79173
47 49 6.58235
47 50 9.21577
47 51 11.9082
47 52 11.7932
47 53 9.68285
47 54 8.54585
47 55 5.95724
47 56 5.35536
47 57 6.49014
47 58 6.67647
47 59 9.41122
47 82 11.6653
47 95 11.6594
47 96 8.90808
47 97 10.6804
47 98 10.0777
32
48 10 8.61078
48 11 7.59652
48 12 10.2318
48 13 11.9694
48 14 10.7723
48 20 9.99521
48 21 10.3386
48 22 10.1609
48 23 11.7697
48 26 11.0689
48 27 7.67106
48 28 5.58653
48 29 5.75113
48 30 7.51144
48 31 10.3411
48 45 9.96889
48 46 6.37535
48 47 3.79173
48 49 3.78692
48 50 5.87248
48 51 8.67523
48 52 8.38484
48 53 6.06067
48 54 5.92532
48 55 4.79653
48 56 6.56528
48 57 8.9211
48 58 10.1151
48 280 11.7396
48 288 11.5299
48 289 9.89586
48 290 11.8863
19
49 10 9.19027
49 11 9.04882
49 22 11.5359
49 26 10.5561
49 27 7.60155
49 28 7.10762
49 29 8.8108
49 30 11.1348
49 46 9.78013
49 47 6.58235
49 48 3.78692
49 50 3.80075
49 51 5.3948
49 52 5.82991
49 53 5.37234
49 54 5.55915
49 55 6.56629
49 56 8.31622
49 57 11.4939
24
50 8 11.6806
50 9 10.3752
50 10 6.97684
50 11 8.40314
50 22 11.1891
50 26 10.0949
50 27 8.22598
50 28 7.35346
50 29 9.88669
50 30 11.908
50 47 9.21577
50 48 5.87248
50 49 3.80075
50 51 3.79896
50 52 5.5993
50 53 5.3094
50 54 7.67547
50 55 9.28988
50 56 11.7141
50 273 11.1879
50 280 10.8872
50 289 10.8153
50 290 10.8509
50 291 10.706
13
51 9 11.8328
51 10 9.10899
51 11 10.4369
51 27 10.8144
51 28 10.8196
51 47 11.9082
51 48 8.67523
51 49 5.3948
51 50 3.79896
51 52 3.80548
51 53 6.13936
51 54 8.10925
51 55 10.8468
13
52 9 10.8783
52 10 8.39443
52 11 8.5443
52 12 11.5149
52 47 11.7932
52 48 8.38484
52 49 5.82991
52 50 5.5993
52 51 3.80548
52 53 3.78915
52 54 5.36165
52 55 8.84164
52 56 11.7369
22
53 8 11.4786
53 9 8.7252
53 10 5.74313
53 11 4.94532
53 12 8.02909
53 13 10.8989
53 14 11.6657
53 28 10.4815
53 29 11.3511
53 46 11.472
53 47 9.68285
53 48 6.06067
53 49 5.37234
53 50 5.3094
53 51 6.13936
53 52 3.78915
53 54 3.79811
53 55 6.42667
53 56 9.91876
53 288 10.6937
53 289 9.5443
53 290 10.4991
19
54 10 9.18658
54 11 7.14611
54 12 9.02883
54 13 10.7248
54 14 11.387
54 28 11.3467
54 29 11.499
54 46 10.017
54 47 8.54585
54 48 5.92532
54 49 5.55915
54 50 7.67547
54 51 8.10925
54 52 5.36165
54 53 3.79811
54 55 3.78809
54 56 6.9365
54 57 10.3464
54 289 11.8729
26
55 10 10.4388
55 11 7.77876
55 12 8.92913
55 13 9.59653
55 14 9.18039
55 28 10.2165
55 29 9.21629
55 30 9.68692
55 31 11.0728
55 32 11.2886
55 44 11.1929
55 45 10.0621
55 46 6.4865
55 47 5.95724
55 48 4.79653
55 49 6.56629
55 50 9.28988
55 51 10.8468
55 52 8.84164
55 53 6.42667
55 54 3.78809
55 56 3.78873
55 57 6.71102
55 58 9.3775
55 288 11.5615
55 289 11.4623
25
56 11 11.3968
56 14 11.0544
56 28 10.9236
56 29 9.40474
56 30 10.3081
56 31 11.077
56 32 11.5431
56 44 9.76663
56 45 8.5631
56 46 5.41766
56 47 5.35536
56 48 6.56528
56 49 8.31622
56 50 11.7141
56 52 11.7369
56 53 9.91876
56 54 6.9365
56 55 3.78873
56 57 3.79015
56 58 6.03362
56 59 9.11009
56 60 10.9477
56 96 11.4613
56 97 11.4598
56 98 10.4465
25
57 14 10.6097
57 29 9.58597
57 30 9.70675
57 31 9.24803
57 32 9.48298
57 35 11.3548
57 42 11.5686
57 43 9.97661
57 44 6.46185
57 45 5.88561
57 46 4.35617
57 47 6.49014
57 48 8.9211
57 49 11.4939
57 54 10.3464
57 55 6.71102
57 56 3.79015
57 58 3.79343
57 59 5.71698
57 60 7.15933
57 61 10.6468
57 96 10.7598
57 97 10.5116
57 98 8.33173
57 99 11.6313
25
58 28 11.8491
58 29 9.42547
58 30 10.4561
58 31 10.2293
58 32 11.5072
58 43 11.2657
58 44 7.72832
58 45 5.97207
58 46 5.47858
58 47 6.67647
58 48 10.1151
58 55 9.3775
58 56 6.03362
58 57 3.79343
58 59 3.7941
58 60 7.01972
58 61 9.58096
58 82 11.6936
58 94 9.19446
58 95 8.89593
58 96 7.31826
58 97 6.85324
58 98 4.62914
58 99 8.16703
58 100 10.0975
33
59 29 10.9337
59 30 10.9962
59 31 9.54024
59 32 10.521
59 33 11.7014
59 42 10.1065
59 43 8.71447
59 44 5.85962
59 45 5.14352
59 46 6.99082
59 47 9.41122
59 56 9.11009
59 57 5.71698
59 58 3.7941
59 60 3.80643
59 61 5.79339
59 62 9.32304
59 67 11.1119
59 68 10.1247
59 69 11.3643
59 70 9.64372
59 82 11.1876
59 84 11.0111
59 92 10.9605
59 93 10.8779
59 94 7.75648
59 95 8.8216
59 96 8.86402
59 97 8.38276
59 98 4.7843
59 99 6.80412
59 100 7.70921
59 101 11.0326
35
60 31 9.78395
60 32 9.49405
60 33 9.85919
60 34 11.5484
60 35 9.45242
60 36 10.5164
60 37 11.3077
60 41 9.81756
60 42 6.44099
60 43 5.94047
60 44 4.51456
60 45 6.33847
60 46 8.83463
60 56 10.9477
60 57 7.15933
60 58 7.01972
60 59 3.80643
60 61 3.83916
60 62 6.7344
60 63 10.3314
60 65 11.5564
60 66 10.8784
60 67 7.70377
60 68 7.42297
60 69 9.08022
60 70 8.66594
60 84 11.9955
60 86 11.3253
60 89 11.8165
60 92 11.6345
60 94 10.3581
60 97 11.9951
60 98 8.29013
60 99 9.33522
60 100 9.46681
42
61 31 11.2422
61 32 11.427
61 33 10.6441
61 35 11.4821
61 36 11.9767
61 41 9.6435
61 42 7.35516
61 43 7.10029
61 44 6.99589
61 45 8.27213
61 46 11.5295
61 57 10.6468
61 58 9.58096
61 59 5.79339
61 60 3.83916
61 62 3.77902
61 63 6.88342
61 64 10.0978
61 65 9.4325
61 66 8.44574
61 67 6.01753
61 68 5.44103
61 69 8.22827
61 70 8.02393
61 71 11.8127
61 84 10.5487
61 85 11.6505
61 86 9.28537
61 87 11.536
61 88 9.9529
61 89 8.54447
61 90 11.3494
61 91 11.2732
61 92 8.88841
61 93 10.5825
61 94 9.23068
61 95 11.7727
61 98 9.12217
61 99 8.63715
61 100 7.44102
61 101 9.00434
61 102 9.24286
30
62 40 11.1944
62 41 8.86689
62 42 7.55887
62 43 8.80381
62 44 9.95502
62 45 11.8746
62 59 9.32304
62 60 6.7344
62 61 3.77902
62 63 3.79993
62 64 6.51247
62 65 5.74858
62 66 5.10808
62 67 4.11504
62 68 5.53134
62 69 9.22034
62 70 10.3068
62 86 10.5581
62 87 11.8929
62 88 9.20073
62 89 7.99436
62 90 11.5193
62 92 10.6526
62 99 11.0304
62 100 9.60942
62 101 10.0311
62 102 9.44662
62 136 11.8669
62 137 9.75256
62 138 11.0129
25
63 41 11.3845
63 42 10.9637
63 60 10.3314
63 61 6.88342
63 62 3.79993
63 64 3.80394
63 65 5.3796
63 66 5.16844
63 67 6.59166
63 68 7.77522
63 69 11.4769
63 86 11.5915
63 88 9.48474
63 89 7.50385
63 90 10.8823
63 92 10.7403
63 100 10.2307
63 101 9.27789
63 102 7.97129
63 103 11.4647
63 104 11.8286
63 105 10.8702
63 136 10.4697
63 137 8.14702
63 138 8.93301
12
64 61 10.0978
64 62 6.51247
64 63 3.80394
64 65 3.79632
64 66 5.6205
64 67 8.42736
64 68 10.69
64 88 11.9584
64 89 10.5796
64 102 11.1619
64 137 9.03787
64 138 8.51901
16
65 37 11.9734
65 40 10.3985
65 41 10.036
65 42 10.0139
65 60 11.5564
65 61 9.4325
65 62 5.74858
65 63 5.3796
65 64 3.79632
65 66 3.79914
65 67 6.22831
65 68 9.47497
65 88 11.5844
65 89 11.2467
65 137 9.51925
65 138 9.12085
26
66 36 11.5407
66 37 11.3359
66 40 8.53994
66 41 7.43529
66 42 8.33896
66 43 10.5139
66 60 10.8784
66 61 8.44574
66 62 5.10808
66 63 5.16844
66 64 5.6205
66 65 3.79914
66 67 3.77397
66 68 6.50861
66 69 9.77579
66 86 11.7397
66 87 11.4361
66 88 7.90709
66 89 8.2237
66 90 11.9987
66 136 9.69545
66 137 6.48009
66 138 6.92531
66 139 9.91245
66 140 10.5524
66 141 10.7805
32
67 33 10.1322
67 34 10.8359
67 35 9.87321
67 36 8.66328
67 37 9.1627
67 38 11.427
67 39 10.9408
67 40 7.30034
67 41 4.87466
67 42 4.81616
67 43 6.78248
67 44 9.37956
67 59 11.1119
67 60 7.70377
67 61 6.01753
67 62 4.11504
67 63 6.59166
67 64 8.42736
67 65 6.22831
67 66 3.77397
67 68 3.75291
67 69 6.91448
67 70 9.39911
67 86 9.90217
67 87 10.0371
67 88 7.35936
67 89 8.02035
67 90 11.661
67 136 10.8721
67 137 8.61595
67 138 9.97861
67 141 11.3757
43
68 31 10.8236
68 32 10.1673
68 33 7.66303
68 34 9.49777
68 35 9.53643
68 36 9.65087
68 37 11.3839
68 40 9.39412
68 41 5.87695
68 42 5.83263
68 43 5.37914
68 44 7.81835
68 45 10.0152
68 59 10.1247
68 60 7.42297
68 61 5.44103
68 62 5.53134
68 63 7.77522
68 64 10.69
68 65 9.47497
68 66 6.50861
68 67 3.75291
68 69 3.7754
68 70 5.84923
68 71 9.12149
68 84 10.5522
68 85 9.80162
68 86 6.23565
68 87 6.89424
68 88 5.14549
68 89 5.72864
68 90 8.81116
68 91 10.3339
68 92 9.81534
68 100 11.6813
68 102 10.5211
68 115 9.56439
68 116 10.6927
68 117 11.5445
68 136 9.53476
68 137 8.63184
68 138 10.9134
68 141 10.8724
45
69 15 10.8579
69 16 9.77816
69 17 11.2277
69 18 11.0825
69 19 11.2825
69 31 8.60576
69 32 7.71106
69 33 4.46022
69 34 6.79409
69 35 8.14223
69 36 9.24002
69 40 10.0092
69 41 6.2766
69 42 6.79558
69 43 4.64922
69 44 7.37611
69 45 9.40865
69 59 11.3643
69 60 9.08022
69 61 8.22827
69 62 9.22034
69 63 11.4769
69 66 9.77579
69 67 6.91448
69 68 3.7754
69 70 3.83923
69 71 6.07652
69 72 9.55788
69 84 9.90133
69 85 8.53564
69 86 5.17672
69 87 5.1161
69 88 5.62356
69 89 7.42396
69 90 9.24778
69 91 10.7325
69 92 10.8909
69 115 8.82724
69 116 9.12264
69 117 8.89088
69 118 11.5815
69 133 10.6183
69 136 10.5357
69 137 10.6346
69 141 10.549
51
70 15 11.2705
70 16 9.9365
70 17 10.0264
70 18 9.00025
70 19 8.19743
70 20 11.3464
70 29 11.7598
70 30 9.28625
70 31 5.95974
70 32 6.84269
70 33 5.04663
70 34 8.66188
70 35 9.83663
70 36 11.9184
70 41 9.73059
70 42 9.05593
70 43 5.82812
70 44 6.4196
70 45 6.83042
70 46 10.3154
70 59 9.64372
70 60 8.66594
70 61 8.02393
70 62 10.3068
70 67 9.39911
70 68 5.84923
70 69 3.83923
70 71 3.79962
70 72 6.40879
70 73 8.42431
70 74 11.975
70 82 11.4156
70 83 10.2016
70 84 6.49164
70 85 6.03986
70 86 4.124
70 87 6.38013
70 88 7.87294
70 89 8.14105
70 90 8.90223
70 91 8.9862
70 92 8.65755
70 93 11.0567
70 94 10.6747
70 100 11.87
70 102 11.798
70 115 9.63772
70 116 8.51926
70 117 7.71491
70 118 9.25764
70 119 11.7084
52
71 15 11.1584
71 16 8.68296
71 17 8.52264
71 18 6.47599
71 19 5.74659
71 20 9.47327
71 21 11.418
71 29 11.7415
71 30 8.78956
71 31 6.09803
71 32 7.38025
71 33 5.64437
71 34 9.15796
71 35 11.4419
71 43 8.60851
71 44 9.14798
71 45 8.94765
71 46 11.7185
71 61 11.8127
71 68 9.12149
71 69 6.07652
71 70 3.79962
71 72 3.80927
71 73 7.15044
71 74 10.8332
71 83 10.6262
71 84 7.0621
71 85 5.60399
71 86 5.32846
71 87 6.57515
71 88 9.55346
71 89 10.3723
71 90 9.93055
71 91 9.96904
71 92 10.6341
71 115 9.63076
71 116 7.41495
71 117 5.03242
71 118 6.3307
71 119 9.46524
71 129 11.3619
71 130 10.5392
71 131 10.5346
71 132 11.0211
71 133 11.1334
71 172 9.74745
71 173 10.6853
71 226 11.247
71 227 10.4027
71 268 10.264
71 269 10.0084
71 282 11.5333
52
72 16 11.2475
72 17 9.92317
72 18 6.72714
72 19 3.95158
72 20 7.40526
72 21 8.56546
72 29 10.3723
72 30 8.18908
72 31 7.07899
72 32 9.75328
72 33 9.10643
72 43 11.7173
72 44 11.2692
72 45 9.74489
72 69 9.55788
72 70 6.40879
72 71 3.80927
72 73 3.78953
72 74 7.26637
72 75 10.5567
72 82 9.8387
72 83 8.30656
72 84 5.59426
72 85 5.0283
72 86 7.13802
72 87 9.23744
72 90 10.7836
72 91 9.60764
72 92 10.2563
72 93 11.6378
72 94 11.9742
72 115 11.27
72 116 8.08105
72 117 5.54217
72 118 4.17928
72 119 6.44189
72 120 9.2579
72 128 11.7758
72 129 9.42838
72 130 9.55746
72 131 10.8381
72 172 9.29896
72 173 8.97068
72 174 10.1482
72 226 10.7025
72 227 8.68858
72 228 11.0042
72 268 10.324
72 269 8.69096
72 270 10.4405
72 271 11.0382
72 282 11.2172
49
73 18 8.90626
73 19 5.19816
73 20 6.86418
73 21 6.21256
73 22 9.19271
73 23 10.0796
73 28 11.1048
73 29 8.71655
73 30 7.98559
73 31 8.17695
73 32 11.6594
73 33 11.8353
73 45 9.60735
73 46 11.431
73 70 8.42431
73 71 7.15044
73 72 3.78953
73 74 3.78452
73 75 6.78182
73 76 9.7324
73 81 10.2082
73 82 6.51717
73 83 5.65942
73 84 4.57041
73 85 6.28173
73 86 9.16594
73 91 9.68266
73 92 9.4554
73 93 9.58252
73 94 9.78632
73 116 10.4596
73 117 8.7607
73 118 6.36967
73 119 6.3875
73 120 8.02172
73 121 9.85677
73 127 10.6759
73 128 11.3565
73 129 10.0582
73 130 11.4768
73 173 11.0262
73 174 11.1007
73 227 10.6162
73 228 11.845
73 269 10.4177
73 270 10.8615
73 271 10.1109
73 301 11.5907
73 303 11.8264
48
74 19 8.30595
74 20 8.69744
74 21 6.43984
74 22 8.17829
74 23 8.33387
74 24 10.8506
74 28 11.4601
74 29 10.1631
74 30 10.6163
74 31 11.6128
74 70 11.975
74 71 10.8332
74 72 7.26637
74 73 3.78452
74 75 3.79265
74 76 6.52529
74 77 9.58998
74 79 11.983
74 80 10.4822
74 81 8.74334
74 82 5.79709
74 83 5.31809
74 84 6.692
74 85 8.75072
74 91 10.9735
74 92 10.673
74 93 9.71442
74 94 10.3826
74 117 11.5068
74 118 8.40099
74 119 6.54425
74 120 6.34039
74 121 6.91561
74 122 10.495
74 125 11.0814
74 126 11.2962
74 127 8.70445
74 128 10.2691
74 129 10.2974
74 174 11.2068
74 175 10.9594
74 229 11.485
74 270 11.9346
74 271 10.0923
74 301 8.39736
74 302 8.47801
74 303 8.22117
74 304 11.2768
43
75 19 11.021
75 20 10.4319
75 21 7.14114
75 22 6.9954
75 23 5.53857
75 24 7.44959
75 25 10.5834
75 26 10.6947
75 27 10.7362
75 28 10.5723
75 29 10.091
75 30 11.7976
75 72 10.5567
75 73 6.78182
75 74 3.79265
75 76 3.79485
75 77 6.63673
75 78 9.54612
75 79 8.59286
75 80 6.85269
75 81 5.9758
75 82 4.55693
75 83 6.1277
75 84 8.69774
75 85 11.6268
75 92 11.6563
75 93 9.45502
75 94 9.54598
75 95 10.2111
75 96 10.7274
75 119 10.1132
75 120 9.27715
75 121 8.3783
75 122 11.4934
75 125 10.745
75 127 10.4754
75 271 11.6772
75 300 11.6553
75 301 8.20063
75 302 7.57156
75 303 5.73481
75 304 9.09386
75 305 11.2932
38
76 21 10.9225
76 22 10.3219
76 23 7.95236
76 24 8.26807
76 25 11.7835
76 73 9.7324
76 74 6.52529
76 75 3.79485
76 77 3.81098
76 78 6.14885
76 79 5.90591
76 80 5.9734
76 81 5.61999
76 82 5.989
76 83 6.87298
76 84 10.4035
76 92 11.9654
76 93 9.19727
76 94 10.1529
76 95 10.4231
76 96 11.7381
76 119 11.5682
76 120 10.341
76 121 8.11723
76 122 10.6923
76 123 10.7085
76 124 11.4861
76 125 8.21322
76 126 10.2077
76 127 9.61495
76 157 11.3821
76 301 9.30696
76 302 7.03688
76 303 5.32977
76 304 9.11647
76 305 10.1599
76 306 11.3956
76 307 11.4567
30
77 22 11.6457
77 23 9.00843
77 24 7.63818
77 25 11.3025
77 74 9.58998
77 75 6.63673
77 76 3.81098
77 78 3.81219
77 79 5.54605
77 80 6.65405
77 81 8.18497
77 82 9.52367
77 83 10.6726
77 121 9.46867
77 122 10.8355
77 123 9.49602
77 124 10.3808
77 125 7.95265
77 126 11.0688
77 127 11.634
77 157 11.8033
77 300 11.5768
77 301 9.00127
77 302 6.11028
77 303 3.98694
77 304 6.98798
77 305 7.18802
77 306 7.71639
77 307 7.86246
77 308 11.1303
20
78 23 11.456
78 24 9.61732
78 75 9.54612
78 76 6.14885
78 77 3.81219
78 79 3.8015
78 80 6.85929
78 81 8.68974
78 82 11.1167
78 123 11.9235
78 124 11.7603
78 125 9.37444
78 157 11.479
78 302 9.65511
78 303 7.68848
78 304 10.1083
78 305 9.64625
78 306 8.61478
78 307 7.42863
78 308 10.1452
22
79 23 9.78216
79 24 8.53002
79 25 11.0914
79 74 11.983
79 75 8.59286
79 76 5.90591
79 77 5.54605
79 78 3.8015
79 80 3.78758
79 81 5.63502
79 82 8.86144
79 83 10.8593
79 93 10.7933
79 94 10.9139
79 95 9.2771
79 96 10.498
79 125 11.8588
79 302 11.5111
79 303 8.77245
79 304 11.5464
79 306 11.6586
79 307 11.0763
23
80 22 10.1741
80 23 6.48897
80 24 5.94044
80 25 8.08391
80 26 10.5231
80 27 10.523
80 74 10.4822
80 75 6.85269
80 76 5.9734
80 77 6.65405
80 78 6.85929
80 79 3.78758
80 81 3.79008
80 82 6.94441
80 83 9.99423
80 93 10.3715
80 94 9.3686
80 95 7.41966
80 96 7.54484
80 97 10.6714
80 302 11.6034
80 303 8.26332
80 304 10.8941
29
81 21 11.245
81 22 10.5146
81 23 7.52759
81 24 8.67181
81 25 10.8053
81 27 11.5446
81 29 11.4865
81 73 10.2082
81 74 8.74334
81 75 5.9758
81 76 5.61999
81 77 8.18497
81 78 8.68974
81 79 5.63502
81 80 3.79008
81 82 3.78794
81 83 6.76678
81 84 9.56901
81 92 10.1507
81 93 6.67239
81 94 5.75909
81 95 4.8769
81 96 6.42474
81 97 9.47662
81 98 9.98446
81 99 10.1161
81 100 9.38021
81 101 10.9466
81 303 9.70788
47
82 19 10.9041
82 20 11.1975
82 21 8.76435
82 22 9.29494
82 23 7.56781
82 24 9.99758
82 27 11.5639
82 28 11.1886
82 29 9.47376
82 30 10.8724
82 31 11.4544
82 45 10.0803
82 46 11.5852
82 47 11.6653
82 58 11.6936
82 59 11.1876
